# UTIAS Multi-Robot Cooperative Localization and Mapping Dataset
# produced by Keith Leung (keith.leung@robotics.utias.utoronto.ca) 2009
# Measurement Data Fomat:
# Time [s]    Subject #    range [m]    bearing [rad] 
1248446191.236 	  54 	  3.868 	  0.490 
1248446192.855 	  63 	  6.329 	  0.383 
1248446192.855 	   7 	  6.329 	  0.427 
1248446193.121 	   7 	  6.191 	  0.433 
1248446193.355 	  63 	  6.329 	  0.383 
1248446193.355 	   7 	  6.191 	  0.433 
1248446193.588 	   7 	  6.191 	  0.433 
1248446193.838 	   7 	  6.282 	  0.434 
1248446194.067 	   7 	  6.214 	  0.433 
1248446194.295 	  63 	  6.329 	  0.385 
1248446194.446 	  63 	  6.329 	  0.385 
1248446194.599 	  63 	  6.329 	  0.385 
1248446195.673 	  81 	  6.329 	  0.399 
1248446195.673 	   7 	  6.191 	  0.426 
1248446195.915 	  63 	  6.191 	  0.382 
1248446195.916 	  81 	  6.329 	  0.403 
1248446195.916 	   7 	  6.191 	  0.433 
1248446196.850 	  81 	  6.191 	  0.411 
1248446196.850 	   7 	  6.191 	  0.437 
1248446198.620 	   7 	  6.191 	  0.416 
1248446198.851 	  81 	  6.191 	  0.388 
1248446199.081 	  81 	  6.191 	  0.389 
1248446199.311 	  81 	  6.191 	  0.389 
1248446199.550 	   7 	  6.191 	  0.416 
1248446199.788 	  63 	  6.191 	  0.357 
1248446199.788 	   7 	  6.191 	  0.409 
1248446200.017 	  63 	  6.191 	  0.364 
1248446200.018 	  81 	  6.191 	  0.381 
1248446200.018 	   7 	  6.191 	  0.416 
1248446200.246 	  63 	  6.191 	  0.358 
1248446200.247 	  81 	  6.191 	  0.381 
1248446200.247 	   7 	  6.191 	  0.416 
1248446200.930 	   7 	  6.191 	  0.400 
1248446201.645 	   7 	  6.191 	  0.391 
1248446201.875 	   7 	  6.191 	  0.395 
1248446202.104 	   7 	  6.191 	  0.395 
1248446202.343 	   7 	  6.191 	  0.395 
1248446202.589 	   7 	  6.191 	  0.395 
1248446203.048 	   7 	  6.191 	  0.397 
1248446203.383 	   7 	  6.060 	  0.396 
1248446203.873 	  81 	  6.191 	  0.385 
1248446204.111 	  63 	  6.060 	  0.368 
1248446204.111 	  81 	  6.191 	  0.389 
1248446204.111 	   7 	  6.060 	  0.416 
1248446204.816 	   7 	  6.191 	  0.327 
1248446205.051 	  63 	  6.191 	  0.228 
1248446205.523 	  63 	  6.329 	  0.113 
1248446205.523 	  81 	  6.329 	  0.137 
1248446205.759 	  27 	  3.720 	  0.517 
1248446205.759 	  54 	  3.474 	  0.538 
1248446205.997 	  63 	  6.329 	  0.062 
1248446205.997 	  81 	  6.343 	  0.086 
1248446205.997 	  70 	  5.585 	  0.442 
1248446205.997 	  27 	  3.720 	  0.502 
1248446205.997 	  54 	  3.455 	  0.535 
1248446206.236 	   7 	  6.329 	  0.108 
1248446206.236 	  54 	  3.450 	  0.525 
1248446206.466 	  63 	  6.329 	  0.055 
1248446206.467 	  81 	  6.329 	  0.080 
1248446206.467 	   7 	  6.329 	  0.102 
1248446206.467 	  70 	  5.514 	  0.439 
1248446206.467 	  27 	  3.720 	  0.500 
1248446206.467 	  54 	  3.462 	  0.528 
1248446206.695 	   7 	  6.329 	  0.113 
1248446206.695 	  70 	  5.479 	  0.440 
1248446206.695 	  27 	  3.651 	  0.510 
1248446206.695 	  54 	  3.393 	  0.539 
1248446206.928 	  54 	  3.458 	  0.529 
1248446207.167 	  63 	  6.191 	  0.055 
1248446207.167 	   7 	  6.311 	  0.110 
1248446207.167 	  70 	  5.479 	  0.441 
1248446207.168 	  27 	  3.632 	  0.510 
1248446207.168 	  54 	  3.370 	  0.539 
1248446207.405 	  63 	  6.191 	  0.064 
1248446207.405 	  81 	  6.329 	  0.089 
1248446207.405 	   7 	  6.329 	  0.126 
1248446207.405 	  70 	  5.479 	  0.448 
1248446207.406 	  18 	  3.541 	  0.477 
1248446207.406 	  27 	  3.674 	  0.515 
1248446207.406 	  54 	  3.379 	  0.549 
1248446207.644 	   7 	  6.287 	  0.119 
1248446207.644 	  70 	  5.479 	  0.455 
1248446207.644 	  18 	  3.541 	  0.479 
1248446207.644 	  27 	  3.603 	  0.521 
1248446207.644 	  54 	  3.352 	  0.551 
1248446207.882 	  63 	  6.191 	  0.064 
1248446207.882 	  81 	  6.329 	  0.089 
1248446207.882 	   7 	  6.329 	  0.111 
1248446207.883 	  70 	  5.479 	  0.448 
1248446207.883 	  18 	  3.541 	  0.478 
1248446207.883 	  27 	  3.614 	  0.520 
1248446207.883 	  54 	  3.334 	  0.552 
1248446208.356 	   7 	  6.191 	  0.120 
1248446208.356 	  70 	  5.376 	  0.459 
1248446208.356 	  18 	  3.499 	  0.493 
1248446208.356 	  27 	  3.569 	  0.527 
1248446208.356 	  54 	  3.311 	  0.557 
1248446208.827 	   7 	  6.191 	  0.124 
1248446208.828 	  27 	  3.541 	  0.528 
1248446208.828 	  54 	  3.340 	  0.558 
1248446209.057 	  54 	  3.267 	  0.560 
1248446209.554 	  63 	  6.060 	  0.066 
1248446209.554 	  81 	  6.191 	  0.092 
1248446209.554 	   7 	  6.191 	  0.114 
1248446209.554 	  70 	  5.376 	  0.460 
1248446209.555 	  18 	  3.458 	  0.482 
1248446209.555 	  27 	  3.505 	  0.537 
1248446209.555 	  54 	  3.234 	  0.564 
1248446210.289 	   7 	  5.933 	  0.278 
1248446211.237 	  63 	  5.697 	  0.324 
1248446211.237 	  81 	  5.813 	  0.349 
1248446211.237 	   7 	  5.697 	  0.380 
1248446211.474 	   7 	  5.697 	  0.391 
1248446211.710 	  81 	  5.813 	  0.371 
1248446211.710 	   7 	  5.585 	  0.410 
1248446212.416 	  63 	  5.585 	  0.347 
1248446212.417 	   7 	  5.585 	  0.403 
1248446212.651 	  63 	  5.585 	  0.351 
1248446212.651 	  81 	  5.697 	  0.373 
1248446212.651 	   7 	  5.585 	  0.407 
1248446213.128 	  63 	  5.585 	  0.346 
1248446213.128 	  81 	  5.697 	  0.372 
1248446213.129 	   7 	  5.585 	  0.402 
1248446213.642 	   7 	  5.566 	  0.407 
1248446213.902 	   7 	  5.549 	  0.411 
1248446214.442 	  63 	  5.479 	  0.355 
1248446214.442 	   7 	  5.479 	  0.411 
1248446214.702 	  63 	  5.479 	  0.347 
1248446214.702 	  81 	  5.479 	  0.374 
1248446214.702 	   7 	  5.479 	  0.404 
1248446215.426 	  81 	  5.479 	  0.363 
1248446215.669 	  63 	  5.376 	  0.344 
1248446215.670 	  81 	  5.479 	  0.369 
1248446215.670 	   7 	  5.376 	  0.400 
1248446215.905 	  63 	  5.440 	  0.337 
1248446215.905 	  81 	  5.479 	  0.357 
1248446215.905 	   7 	  5.410 	  0.393 
1248446216.142 	   7 	  5.376 	  0.405 
1248446216.377 	   7 	  5.376 	  0.409 
1248446216.613 	   7 	  5.376 	  0.402 
1248446216.842 	   7 	  5.376 	  0.396 
1248446217.307 	  63 	  5.376 	  0.327 
1248446217.307 	   7 	  5.376 	  0.387 
1248446218.248 	   7 	  5.293 	  0.391 
1248446218.951 	   7 	  5.277 	  0.381 
1248446219.187 	   7 	  5.277 	  0.384 
1248446219.428 	  63 	  5.267 	  0.320 
1248446219.428 	  81 	  5.277 	  0.347 
1248446219.429 	   7 	  5.267 	  0.381 
1248446219.670 	  63 	  5.195 	  0.328 
1248446219.670 	  81 	  5.277 	  0.356 
1248446219.670 	   7 	  5.182 	  0.383 
1248446219.908 	  63 	  5.182 	  0.326 
1248446219.908 	  81 	  5.277 	  0.353 
1248446219.908 	   7 	  5.182 	  0.388 
1248446220.382 	  63 	  5.182 	  0.326 
1248446220.382 	  81 	  5.262 	  0.353 
1248446220.382 	   7 	  5.135 	  0.385 
1248446221.341 	  63 	  5.030 	  0.323 
1248446221.342 	  81 	  5.182 	  0.351 
1248446221.342 	   7 	  5.090 	  0.379 
1248446221.579 	  63 	  5.090 	  0.320 
1248446221.579 	  81 	  5.173 	  0.347 
1248446221.579 	   7 	  5.090 	  0.382 
1248446221.816 	  63 	  5.076 	  0.309 
1248446221.816 	  81 	  5.173 	  0.337 
1248446221.816 	   7 	  5.090 	  0.373 
1248446222.051 	  63 	  5.090 	  0.303 
1248446222.052 	  81 	  5.182 	  0.330 
1248446222.285 	  63 	  5.067 	  0.312 
1248446222.285 	  81 	  5.090 	  0.334 
1248446222.285 	   7 	  5.001 	  0.377 
1248446222.521 	  63 	  5.071 	  0.317 
1248446222.522 	  81 	  5.124 	  0.341 
1248446222.522 	   7 	  5.030 	  0.374 
1248446222.757 	  63 	  5.001 	  0.312 
1248446222.758 	  81 	  5.097 	  0.340 
1248446222.758 	   7 	  5.001 	  0.378 
1248446222.992 	  63 	  4.965 	  0.305 
1248446222.993 	  81 	  5.030 	  0.333 
1248446222.993 	   7 	  5.001 	  0.362 
1248446223.229 	  63 	  5.001 	  0.293 
1248446223.230 	  81 	  5.090 	  0.322 
1248446223.230 	   7 	  5.001 	  0.357 
1248446223.459 	  63 	  5.001 	  0.294 
1248446223.459 	  81 	  5.090 	  0.321 
1248446223.686 	  63 	  5.001 	  0.281 
1248446223.686 	  81 	  5.090 	  0.303 
1248446223.686 	   7 	  5.001 	  0.339 
1248446223.917 	  63 	  5.001 	  0.288 
1248446223.917 	  81 	  5.090 	  0.317 
1248446223.917 	   7 	  4.980 	  0.353 
1248446224.149 	  63 	  4.986 	  0.292 
1248446224.149 	  81 	  5.052 	  0.322 
1248446224.149 	   7 	  4.916 	  0.359 
1248446224.383 	  63 	  4.922 	  0.288 
1248446224.383 	   7 	  4.916 	  0.351 
1248446224.856 	  63 	  4.916 	  0.295 
1248446224.857 	  81 	  5.008 	  0.323 
1248446224.857 	   7 	  4.916 	  0.357 
1248446225.091 	  63 	  4.892 	  0.300 
1248446225.092 	  81 	  5.001 	  0.323 
1248446225.092 	   7 	  4.916 	  0.367 
1248446225.325 	  63 	  4.833 	  0.303 
1248446225.325 	  81 	  4.935 	  0.330 
1248446225.325 	   7 	  4.916 	  0.362 
1248446225.561 	  63 	  4.916 	  0.295 
1248446225.562 	  81 	  5.001 	  0.324 
1248446225.562 	   7 	  4.916 	  0.353 
1248446225.802 	  63 	  4.902 	  0.295 
1248446225.802 	  81 	  4.937 	  0.323 
1248446225.802 	   7 	  4.844 	  0.361 
1248446226.278 	   7 	  4.833 	  0.361 
1248446226.750 	   7 	  4.833 	  0.351 
1248446226.986 	   7 	  4.833 	  0.342 
1248446227.222 	  63 	  4.833 	  0.281 
1248446227.707 	  63 	  4.754 	  0.288 
1248446227.707 	  81 	  4.868 	  0.314 
1248446227.707 	   7 	  4.823 	  0.354 
1248446227.947 	  63 	  4.738 	  0.279 
1248446227.948 	  81 	  4.833 	  0.302 
1248446227.948 	   7 	  4.754 	  0.351 
1248446228.189 	  63 	  4.749 	  0.275 
1248446228.189 	  81 	  4.833 	  0.296 
1248446228.189 	   7 	  4.754 	  0.343 
1248446228.432 	   7 	  4.754 	  0.335 
1248446228.679 	   7 	  4.696 	  0.343 
1248446228.923 	  81 	  4.828 	  0.303 
1248446228.923 	   7 	  4.715 	  0.342 
1248446229.166 	   7 	  4.723 	  0.340 
1248446229.400 	  81 	  4.754 	  0.302 
1248446229.653 	  63 	  4.616 	  0.277 
1248446229.653 	   7 	  4.658 	  0.339 
1248446229.897 	   7 	  4.667 	  0.331 
1248446230.386 	   7 	  4.677 	  0.314 
1248446230.871 	   7 	  4.573 	  0.335 
1248446231.116 	  81 	  4.677 	  0.289 
1248446231.853 	  81 	  4.611 	  0.277 
1248446232.098 	   7 	  4.530 	  0.320 
1248446232.343 	  81 	  4.602 	  0.284 
1248446232.584 	   7 	  4.460 	  0.319 
1248446232.830 	   7 	  4.460 	  0.314 
1248446233.169 	  81 	  4.543 	  0.272 
1248446233.413 	   7 	  4.460 	  0.322 
1248446233.655 	   7 	  4.438 	  0.307 
1248446233.908 	  81 	  4.483 	  0.263 
1248446234.378 	   7 	  4.393 	  0.299 
1248446234.850 	  81 	  4.393 	  0.272 
1248446235.086 	  81 	  4.393 	  0.277 
1248446235.086 	   7 	  4.327 	  0.317 
1248446235.559 	  63 	  4.269 	  0.230 
1248446235.560 	  81 	  4.387 	  0.264 
1248446235.560 	   7 	  4.322 	  0.305 
1248446235.797 	  63 	  4.264 	  0.221 
1248446236.031 	   7 	  4.311 	  0.290 
1248446236.499 	   7 	  4.327 	  0.281 
1248446237.206 	   7 	  4.264 	  0.286 
1248446237.444 	   7 	  4.264 	  0.278 
1248446237.920 	  81 	  4.264 	  0.241 
1248446238.878 	   7 	  4.142 	  0.264 
1248446239.588 	   7 	  4.084 	  0.249 
1248446239.828 	  63 	  3.976 	  0.179 
1248446239.828 	  81 	  4.132 	  0.215 
1248446239.828 	   7 	  4.065 	  0.252 
1248446240.089 	  63 	  3.973 	  0.191 
1248446240.089 	  81 	  4.116 	  0.225 
1248446240.089 	   7 	  4.028 	  0.264 
1248446240.590 	   7 	  4.018 	  0.267 
1248446241.076 	   7 	  3.973 	  0.254 
1248446241.320 	   7 	  3.973 	  0.240 
1248446241.808 	   7 	  3.973 	  0.264 
1248446242.052 	  63 	  3.817 	  0.168 
1248446242.297 	   7 	  3.919 	  0.227 
1248446242.542 	   7 	  3.904 	  0.233 
1248446243.038 	  63 	  3.768 	  0.146 
1248446243.522 	   7 	  3.817 	  0.229 
1248446243.761 	  63 	  3.768 	  0.144 
1248446244.002 	  63 	  3.718 	  0.130 
1248446244.002 	  81 	  3.830 	  0.166 
1248446244.002 	   7 	  3.776 	  0.215 
1248446244.242 	  63 	  3.703 	  0.126 
1248446244.242 	  81 	  3.859 	  0.163 
1248446244.242 	   7 	  3.802 	  0.213 
1248446244.481 	  63 	  3.718 	  0.132 
1248446244.481 	  81 	  3.821 	  0.168 
1248446244.481 	   7 	  3.768 	  0.219 
1248446244.959 	  63 	  3.677 	  0.133 
1248446244.959 	  81 	  3.774 	  0.170 
1248446245.437 	  63 	  3.624 	  0.115 
1248446245.437 	  81 	  3.731 	  0.152 
1248446245.437 	   7 	  3.695 	  0.201 
1248446245.674 	  63 	  3.602 	  0.108 
1248446245.674 	  81 	  3.763 	  0.146 
1248446245.674 	   7 	  3.720 	  0.198 
1248446245.912 	  63 	  3.584 	  0.093 
1248446245.912 	  81 	  3.720 	  0.138 
1248446245.912 	   7 	  3.674 	  0.187 
1248446246.150 	  63 	  3.586 	  0.108 
1248446246.150 	  81 	  3.690 	  0.145 
1248446246.150 	   7 	  3.674 	  0.198 
1248446246.406 	   7 	  3.674 	  0.194 
1248446246.649 	  81 	  3.674 	  0.137 
1248446246.649 	   7 	  3.633 	  0.189 
1248446246.895 	   7 	  3.637 	  0.194 
1248446247.877 	   7 	  3.584 	  0.163 
1248446248.360 	   7 	  3.537 	  0.173 
1248446248.841 	   7 	  3.472 	  0.160 
1248446249.083 	   7 	  3.499 	  0.155 
1248446249.810 	  63 	  3.305 	  0.042 
1248446249.810 	  81 	  3.423 	  0.084 
1248446249.811 	   7 	  3.458 	  0.137 
1248446250.790 	   7 	  3.358 	  0.141 
1248446251.309 	   7 	  3.340 	  0.113 
1248446252.055 	  63 	  3.162 	  0.012 
1248446252.301 	  81 	  3.298 	  0.039 
1248446252.301 	   7 	  3.267 	  0.099 
1248446252.790 	  63 	  3.101 	 -0.009 
1248446252.790 	  81 	  3.240 	  0.031 
1248446252.790 	   7 	  3.244 	  0.091 
1248446253.262 	  63 	  3.073 	 -0.021 
1248446253.262 	  81 	  3.225 	  0.024 
1248446253.262 	   7 	  3.196 	  0.079 
1248446254.212 	   7 	  3.154 	  0.050 
1248446254.945 	   7 	  3.096 	  0.038 
1248446255.189 	   7 	  3.069 	  0.036 
1248446255.912 	   7 	  3.011 	  0.008 
1248446256.418 	  63 	  2.806 	 -0.111 
1248446256.418 	  81 	  2.979 	 -0.059 
1248446256.418 	   7 	  2.974 	  0.005 
1248446256.653 	  63 	  2.806 	 -0.101 
1248446256.654 	  81 	  2.952 	 -0.060 
1248446256.654 	   7 	  2.966 	  0.004 
1248446256.891 	   7 	  2.944 	 -0.012 
1248446257.126 	   7 	  2.944 	 -0.005 
1248446258.497 	  70 	  3.096 	  0.347 
1248446258.497 	  45 	  3.003 	  0.407 
1248446259.407 	  45 	  3.166 	  0.043 
1248446259.639 	  45 	  3.162 	 -0.044 
1248446259.869 	  18 	  1.663 	  0.530 
1248446260.100 	  54 	  1.879 	  0.504 
1248446260.331 	  54 	  1.932 	  0.427 
1248446260.564 	  54 	  1.967 	  0.340 
1248446260.799 	  54 	  2.035 	  0.228 
1248446261.035 	  54 	  2.048 	  0.153 
1248446261.270 	  54 	  2.043 	  0.057 
1248446261.499 	  54 	  2.026 	 -0.058 
1248446263.142 	  14 	  2.514 	  0.481 
1248446263.849 	  14 	  2.634 	  0.187 
1248446265.925 	  90 	  4.677 	 -0.029 
1248446266.149 	  23 	  3.084 	 -0.004 
1248446266.612 	  23 	  3.065 	 -0.009 
1248446266.847 	  23 	  3.065 	 -0.016 
1248446267.078 	  23 	  3.058 	 -0.026 
1248446267.774 	  23 	  3.003 	 -0.027 
1248446268.006 	  23 	  2.997 	 -0.024 
1248446268.237 	  23 	  2.973 	 -0.022 
1248446268.468 	  23 	  2.944 	 -0.019 
1248446268.697 	  25 	  6.191 	 -0.001 
1248446268.923 	  90 	  4.530 	 -0.070 
1248446268.923 	  25 	  6.060 	  0.001 
1248446269.149 	  61 	  4.393 	 -0.083 
1248446269.149 	  23 	  2.890 	 -0.007 
1248446269.375 	  23 	  2.887 	 -0.012 
1248446269.603 	  72 	  6.329 	 -0.026 
1248446269.603 	  23 	  2.882 	 -0.006 
1248446269.831 	  90 	  4.460 	 -0.044 
1248446269.831 	  23 	  2.887 	 -0.009 
1248446270.058 	  25 	  6.191 	  0.017 
1248446270.285 	  90 	  4.530 	 -0.045 
1248446270.285 	  23 	  2.901 	 -0.005 
1248446270.512 	  61 	  4.393 	 -0.090 
1248446270.512 	  25 	  6.191 	  0.017 
1248446270.739 	  23 	  2.889 	 -0.005 
1248446270.966 	  90 	  4.460 	 -0.051 
1248446270.966 	  23 	  2.887 	 -0.004 
1248446271.193 	  25 	  6.060 	  0.013 
1248446271.419 	  90 	  4.512 	 -0.053 
1248446271.419 	  23 	  2.887 	 -0.003 
1248446271.646 	  23 	  2.885 	 -0.003 
1248446271.879 	   5 	  3.350 	 -0.160 
1248446271.880 	  61 	  4.393 	 -0.092 
1248446271.880 	  90 	  4.518 	 -0.053 
1248446271.880 	  23 	  2.894 	 -0.002 
1248446272.122 	   5 	  3.340 	 -0.161 
1248446272.122 	  61 	  4.393 	 -0.092 
1248446272.122 	  90 	  4.502 	 -0.053 
1248446272.122 	  23 	  2.891 	 -0.003 
1248446272.356 	  61 	  4.393 	 -0.092 
1248446272.356 	  90 	  4.507 	 -0.043 
1248446272.356 	  23 	  2.889 	 -0.003 
1248446272.594 	  90 	  4.507 	 -0.053 
1248446272.594 	  23 	  2.885 	 -0.003 
1248446272.838 	   5 	  3.312 	 -0.175 
1248446272.838 	  61 	  4.393 	 -0.090 
1248446272.839 	  90 	  4.507 	 -0.053 
1248446272.839 	  23 	  2.889 	 -0.003 
1248446273.079 	  61 	  4.393 	 -0.092 
1248446273.079 	  90 	  4.516 	 -0.052 
1248446273.079 	  23 	  2.892 	 -0.001 
1248446273.319 	   5 	  3.267 	 -0.185 
1248446273.319 	  61 	  4.393 	 -0.091 
1248446273.319 	  90 	  4.516 	 -0.053 
1248446273.320 	  23 	  2.889 	 -0.001 
1248446273.562 	   5 	  3.285 	 -0.188 
1248446273.562 	  61 	  4.393 	 -0.092 
1248446273.562 	  90 	  4.495 	 -0.054 
1248446273.562 	  23 	  2.891 	 -0.001 
1248446273.799 	   5 	  3.303 	 -0.195 
1248446273.800 	  61 	  4.393 	 -0.092 
1248446273.800 	  90 	  4.495 	 -0.053 
1248446273.800 	  23 	  2.891 	 -0.001 
1248446274.044 	  61 	  4.393 	 -0.091 
1248446274.044 	  90 	  4.460 	 -0.063 
1248446274.044 	  23 	  2.895 	  0.000 
1248446274.279 	  61 	  4.393 	 -0.091 
1248446274.279 	  90 	  4.460 	 -0.062 
1248446274.279 	  23 	  2.891 	 -0.001 
1248446274.513 	  61 	  4.393 	 -0.091 
1248446274.513 	  90 	  4.495 	 -0.053 
1248446274.513 	  23 	  2.885 	  0.000 
1248446274.757 	  61 	  4.393 	 -0.091 
1248446274.757 	  90 	  4.507 	 -0.053 
1248446274.757 	  23 	  2.885 	  0.000 
1248446274.993 	  61 	  4.393 	 -0.090 
1248446274.993 	  90 	  4.516 	 -0.052 
1248446274.993 	  23 	  2.889 	  0.000 
1248446275.227 	  61 	  4.393 	 -0.092 
1248446275.227 	  90 	  4.510 	 -0.053 
1248446275.227 	  23 	  2.887 	  0.000 
1248446275.464 	  23 	  2.889 	  0.000 
1248446275.697 	  61 	  4.393 	 -0.091 
1248446275.697 	  23 	  2.887 	 -0.001 
1248446276.154 	  23 	  2.872 	 -0.005 
1248446283.279 	  23 	  2.424 	  0.058 
1248446283.985 	  90 	  4.061 	  0.029 
1248446283.985 	  23 	  2.405 	  0.074 
1248446284.220 	  23 	  2.386 	  0.074 
1248446284.456 	  23 	  2.370 	  0.079 
1248446284.928 	  61 	  3.821 	 -0.034 
1248446284.928 	  23 	  2.336 	  0.066 
1248446285.162 	  23 	  2.325 	  0.057 
1248446285.398 	  25 	  5.585 	  0.084 
1248446285.867 	  23 	  2.280 	  0.063 
1248446286.101 	  23 	  2.262 	  0.072 
1248446286.336 	  23 	  2.230 	  0.070 
1248446287.038 	  61 	  3.674 	 -0.033 
1248446287.508 	  23 	  2.168 	  0.080 
1248446287.744 	  23 	  2.133 	  0.081 
1248446288.446 	  61 	  3.565 	 -0.024 
1248446288.914 	  61 	  3.499 	 -0.012 
1248446288.914 	  72 	  5.376 	  0.071 
1248446289.162 	  61 	  3.528 	 -0.009 
1248446289.162 	  23 	  2.030 	  0.107 
1248446289.406 	  23 	  2.016 	  0.113 
1248446289.875 	  23 	  1.977 	  0.116 
1248446290.108 	  72 	  5.342 	  0.097 
1248446290.342 	  72 	  5.277 	  0.094 
1248446290.342 	  23 	  1.942 	  0.123 
1248446290.575 	  23 	  1.927 	  0.124 
1248446290.810 	  23 	  1.892 	  0.124 
1248446291.044 	  72 	  5.229 	  0.091 
1248446291.278 	  72 	  5.205 	  0.098 
1248446291.747 	  72 	  5.182 	  0.111 
1248446292.451 	  90 	  3.340 	  0.062 
1248446292.918 	  23 	  1.750 	  0.175 
1248446293.154 	  90 	  3.274 	  0.079 
1248446293.154 	  23 	  1.739 	  0.174 
1248446293.609 	  72 	  5.007 	  0.137 
1248446293.609 	  23 	  1.737 	  0.180 
1248446293.843 	  61 	  3.169 	  0.048 
1248446293.843 	  23 	  1.707 	  0.193 
1248446294.071 	  72 	  5.001 	  0.149 
1248446294.528 	  25 	  4.833 	  0.198 
1248446294.759 	  72 	  5.001 	  0.154 
1248446294.759 	  23 	  1.795 	  0.208 
1248446294.991 	  61 	  3.165 	  0.064 
1248446294.991 	  23 	  1.680 	  0.217 
1248446295.222 	  25 	  4.902 	  0.197 
1248446295.222 	  23 	  1.675 	  0.219 
1248446295.454 	  72 	  5.001 	  0.154 
1248446295.454 	  23 	  1.669 	  0.217 
1248446295.914 	  90 	  3.214 	 -0.028 
1248446295.914 	  23 	  1.687 	  0.078 
1248446296.141 	  23 	  1.682 	 -0.003 
1248446296.828 	  72 	  5.001 	 -0.074 
1248446297.053 	  72 	  5.001 	 -0.078 
1248446310.531 	  25 	  4.833 	 -0.124 
1248446310.765 	  25 	  4.826 	 -0.124 
1248446310.998 	  25 	  4.815 	 -0.125 
1248446311.249 	  25 	  4.833 	 -0.160 
1248446312.417 	  36 	  4.677 	 -0.146 
1248446312.418 	  61 	  3.031 	  0.155 
1248446312.418 	  90 	  3.071 	  0.214 
1248446312.418 	  72 	  4.833 	  0.259 
1248446312.418 	  25 	  4.754 	  0.295 
1248446312.645 	  61 	  3.003 	  0.189 
1248446312.646 	  90 	  3.065 	  0.252 
1248446312.646 	  25 	  4.655 	  0.342 
1248446313.120 	  72 	  4.754 	  0.321 
1248446313.356 	  16 	  4.677 	 -0.144 
1248446313.356 	  61 	  3.007 	  0.195 
1248446313.356 	  90 	  3.060 	  0.251 
1248446313.357 	  72 	  4.754 	  0.302 
1248446313.357 	  25 	  4.622 	  0.337 
1248446313.587 	  61 	  3.005 	  0.187 
1248446313.587 	  90 	  3.058 	  0.242 
1248446313.587 	  72 	  4.772 	  0.292 
1248446313.587 	  25 	  4.667 	  0.330 
1248446313.816 	  61 	  3.028 	  0.137 
1248446313.816 	  90 	  3.078 	  0.189 
1248446313.816 	  72 	  4.817 	  0.239 
1248446313.816 	  25 	  4.684 	  0.277 
1248446314.050 	  61 	  3.033 	  0.083 
1248446314.051 	  90 	  3.111 	  0.137 
1248446314.051 	  72 	  4.861 	  0.186 
1248446314.051 	  25 	  4.754 	  0.223 
1248446314.281 	  61 	  3.033 	  0.030 
1248446314.281 	  90 	  3.126 	  0.083 
1248446314.281 	  72 	  4.916 	  0.131 
1248446314.281 	  25 	  4.833 	  0.169 
1248446314.524 	  72 	  4.916 	  0.091 
1248446314.524 	  25 	  4.833 	  0.126 
1248446314.769 	  90 	  3.129 	  0.087 
1248446315.004 	  90 	  3.096 	  0.187 
1248446315.246 	  16 	  4.754 	 -0.112 
1248446315.247 	  36 	  4.754 	 -0.075 
1248446315.247 	  61 	  2.988 	  0.226 
1248446315.247 	  90 	  3.035 	  0.281 
1248446315.247 	  72 	  4.747 	  0.329 
1248446315.247 	  25 	  4.585 	  0.368 
1248446315.491 	  16 	  4.754 	 -0.114 
1248446315.491 	  36 	  4.754 	 -0.076 
1248446315.491 	  61 	  2.994 	  0.226 
1248446315.492 	  90 	  3.030 	  0.281 
1248446315.492 	  72 	  4.710 	  0.332 
1248446315.492 	  25 	  4.602 	  0.369 
1248446315.735 	  16 	  4.754 	 -0.114 
1248446315.735 	  36 	  4.719 	 -0.073 
1248446315.735 	  61 	  2.988 	  0.223 
1248446315.735 	  90 	  3.033 	  0.281 
1248446315.735 	  72 	  4.697 	  0.332 
1248446315.735 	  25 	  4.602 	  0.369 
1248446315.983 	   9 	  4.754 	 -0.147 
1248446315.983 	  16 	  4.761 	 -0.113 
1248446315.983 	  36 	  4.696 	 -0.077 
1248446315.983 	  61 	  2.988 	  0.224 
1248446315.983 	  90 	  3.040 	  0.282 
1248446315.983 	  72 	  4.691 	  0.332 
1248446315.983 	  25 	  4.602 	  0.362 
1248446316.223 	   9 	  4.754 	 -0.149 
1248446316.223 	  16 	  4.754 	 -0.114 
1248446316.223 	  36 	  4.688 	 -0.073 
1248446316.223 	  61 	  2.982 	  0.224 
1248446316.223 	  90 	  3.035 	  0.286 
1248446316.223 	  72 	  4.687 	  0.331 
1248446316.223 	  25 	  4.602 	  0.362 
1248446316.462 	   9 	  4.696 	 -0.154 
1248446316.463 	  16 	  4.742 	 -0.114 
1248446316.463 	  36 	  4.694 	 -0.073 
1248446316.463 	  61 	  2.985 	  0.225 
1248446316.463 	  90 	  3.038 	  0.281 
1248446316.463 	  72 	  4.687 	  0.331 
1248446316.463 	  25 	  4.602 	  0.368 
1248446316.714 	  36 	  4.715 	 -0.073 
1248446316.714 	  25 	  4.607 	  0.368 
1248446316.962 	  16 	  4.762 	 -0.105 
1248446316.962 	  25 	  4.602 	  0.377 
1248446317.203 	  36 	  4.754 	  0.002 
1248446317.203 	  25 	  4.460 	  0.444 
1248446317.695 	  23 	  1.756 	 -0.071 
1248446317.695 	   9 	  4.798 	  0.055 
1248446317.695 	  16 	  4.759 	  0.095 
1248446317.695 	  36 	  4.754 	  0.135 
1248446317.695 	  61 	  2.822 	  0.433 
1248446317.696 	  90 	  2.813 	  0.498 
1248446317.696 	  72 	  4.302 	  0.539 
1248446317.696 	  25 	  4.202 	  0.569 
1248446317.948 	   9 	  4.754 	  0.046 
1248446317.948 	  16 	  4.754 	  0.086 
1248446317.948 	  36 	  4.682 	  0.126 
1248446317.948 	  61 	  2.821 	  0.426 
1248446317.949 	  90 	  2.837 	  0.481 
1248446317.949 	  72 	  4.341 	  0.530 
1248446317.949 	  25 	  4.226 	  0.559 
1248446318.186 	   9 	  4.796 	  0.020 
1248446318.186 	  16 	  4.819 	  0.060 
1248446318.187 	  36 	  4.688 	  0.100 
1248446318.187 	  61 	  2.841 	  0.401 
1248446318.187 	  90 	  2.866 	  0.453 
1248446318.187 	  72 	  4.426 	  0.498 
1248446318.187 	  25 	  4.264 	  0.540 
1248446318.425 	   9 	  4.833 	 -0.034 
1248446318.425 	  16 	  4.833 	  0.007 
1248446318.425 	  36 	  4.754 	  0.045 
1248446318.425 	  61 	  2.915 	  0.346 
1248446318.425 	  90 	  2.944 	  0.401 
1248446318.425 	  72 	  4.602 	  0.441 
1248446318.668 	  36 	  4.807 	  0.059 
1248446318.668 	  25 	  4.393 	  0.496 
1248446318.907 	  61 	  2.806 	  0.428 
1248446319.135 	  16 	  4.677 	  0.256 
1248446319.378 	  16 	  4.677 	  0.254 
1248446319.378 	  36 	  4.602 	  0.290 
1248446319.624 	  16 	  4.633 	  0.256 
1248446319.624 	  36 	  4.543 	  0.293 
1248446319.874 	  23 	  1.808 	 -0.003 
1248446319.874 	   9 	  4.677 	  0.197 
1248446319.875 	  16 	  4.694 	  0.236 
1248446319.875 	  36 	  4.668 	  0.277 
1248446319.875 	  61 	  2.664 	  0.567 
1248446320.127 	  23 	  1.806 	 -0.052 
1248446320.127 	   9 	  4.725 	  0.151 
1248446320.127 	  16 	  4.754 	  0.189 
1248446320.127 	  36 	  4.677 	  0.229 
1248446320.127 	  61 	  2.711 	  0.530 
1248446320.359 	  16 	  4.754 	  0.176 
1248446320.589 	  16 	  4.677 	  0.239 
1248446320.589 	  36 	  4.602 	  0.280 
1248446320.589 	  61 	  2.657 	  0.569 
1248446321.287 	  16 	  4.159 	  0.565 
1248446321.520 	  16 	  4.154 	  0.563 
1248446321.750 	  16 	  4.202 	  0.543 
1248446322.001 	  16 	  4.327 	  0.485 
1248446322.001 	  36 	  4.211 	  0.528 
1248446322.264 	  16 	  4.480 	  0.419 
1248446322.264 	  36 	  4.386 	  0.458 
1248446322.521 	  23 	  1.828 	  0.085 
1248446322.522 	  16 	  4.460 	  0.418 
1248446322.986 	  23 	  1.780 	  0.257 
1248446322.987 	   9 	  4.172 	  0.558 
1248446323.231 	  23 	  1.783 	  0.253 
1248446323.231 	   9 	  4.190 	  0.559 
1248446323.467 	  23 	  1.777 	  0.243 
1248446323.468 	   9 	  4.142 	  0.556 
1248446323.706 	  23 	  1.776 	  0.237 
1248446323.706 	   9 	  4.182 	  0.555 
1248446323.950 	  23 	  1.769 	  0.231 
1248446323.950 	   9 	  4.142 	  0.561 
1248446324.186 	  23 	  1.762 	  0.227 
1248446324.186 	   9 	  4.154 	  0.556 
1248446324.424 	  23 	  1.759 	  0.224 
1248446324.424 	   9 	  4.157 	  0.555 
1248446324.661 	  23 	  1.745 	  0.217 
1248446324.661 	   9 	  4.157 	  0.555 
1248446324.901 	  23 	  1.736 	  0.215 
1248446324.902 	   9 	  4.157 	  0.555 
1248446325.138 	  23 	  1.723 	  0.210 
1248446325.138 	   9 	  4.157 	  0.555 
1248446325.375 	  23 	  1.717 	  0.207 
1248446325.375 	   9 	  4.154 	  0.556 
1248446325.612 	  23 	  1.712 	  0.206 
1248446325.612 	   9 	  4.162 	  0.555 
1248446325.849 	  23 	  1.694 	  0.205 
1248446325.849 	   9 	  4.154 	  0.556 
1248446326.085 	  23 	  1.682 	  0.205 
1248446326.085 	   9 	  4.154 	  0.556 
1248446326.323 	  23 	  1.669 	  0.205 
1248446326.323 	   9 	  4.162 	  0.555 
1248446326.559 	  23 	  1.645 	  0.205 
1248446326.560 	   9 	  4.157 	  0.555 
1248446326.811 	  23 	  1.634 	  0.207 
1248446326.812 	   9 	  4.166 	  0.556 
1248446327.056 	  23 	  1.610 	  0.207 
1248446327.056 	   9 	  4.182 	  0.555 
1248446327.309 	  23 	  1.597 	  0.207 
1248446327.309 	   9 	  4.166 	  0.556 
1248446327.555 	  23 	  1.573 	  0.208 
1248446327.555 	   9 	  4.172 	  0.555 
1248446327.805 	  23 	  1.568 	  0.207 
1248446327.805 	   9 	  4.172 	  0.555 
1248446328.054 	   9 	  4.157 	  0.555 
1248446328.285 	   9 	  4.157 	  0.555 
1248446328.516 	   9 	  4.157 	  0.555 
1248446328.747 	   9 	  4.154 	  0.556 
1248446328.978 	   9 	  4.172 	  0.555 
1248446329.210 	   9 	  4.157 	  0.555 
1248446329.441 	   9 	  4.178 	  0.556 
1248446329.676 	   9 	  4.182 	  0.555 
1248446329.918 	   9 	  4.157 	  0.555 
1248446330.156 	   9 	  4.157 	  0.555 
1248446330.387 	   9 	  4.202 	  0.556 
1248446330.617 	   9 	  4.152 	  0.561 
1248446330.851 	   9 	  4.123 	  0.561 
1248446331.087 	  23 	  1.389 	  0.299 
1248446331.325 	   9 	  4.084 	  0.566 
1248446331.562 	  23 	  1.351 	  0.328 
1248446331.800 	  23 	  1.325 	  0.343 
1248446332.038 	  23 	  1.306 	  0.365 
1248446332.274 	   9 	  4.084 	  0.563 
1248446332.505 	  16 	  4.106 	  0.549 
1248446332.739 	  16 	  4.393 	  0.429 
1248446332.973 	  23 	  1.293 	  0.176 
1248446333.439 	  36 	  4.602 	  0.187 
1248446333.439 	  90 	  2.674 	  0.560 
1248446333.671 	  16 	  4.677 	  0.064 
1248446333.902 	  90 	  2.859 	  0.400 
1248446334.596 	  25 	  4.677 	  0.179 
1248446334.822 	  25 	  4.754 	  0.056 
1248446335.051 	  25 	  4.754 	 -0.029 
1248446367.060 	  25 	  3.303 	  0.066 
1248446368.006 	  25 	  3.129 	  0.311 
1248446368.251 	  72 	  3.162 	  0.370 
1248446368.251 	  25 	  3.005 	  0.423 
1248446370.459 	  72 	  3.231 	  0.109 
1248446370.459 	  25 	  3.098 	  0.160 
1248446371.173 	  72 	  3.196 	 -0.004 
1248446371.173 	  25 	  3.091 	  0.053 
1248446371.408 	  72 	  3.162 	 -0.078 
1248446371.408 	  25 	  3.096 	 -0.030 
1248446410.020 	  72 	  1.457 	 -0.059 
1248446410.960 	  72 	  1.402 	  0.053 
1248446411.198 	  72 	  1.395 	  0.046 
1248446411.435 	  72 	  1.376 	  0.057 
1248446412.596 	  72 	  1.269 	  0.360 
1248446412.829 	  72 	  1.243 	  0.416 
1248446413.065 	  72 	  1.196 	  0.504 
1248446413.305 	  72 	  1.155 	  0.562 
1248446413.541 	  36 	  2.567 	 -0.185 
1248446413.800 	  36 	  2.589 	 -0.109 
1248446414.074 	  36 	  2.571 	 -0.051 
1248446414.346 	  36 	  2.569 	  0.022 
1248446414.613 	  36 	  2.548 	  0.096 
1248446414.883 	  36 	  2.530 	  0.143 
1248446415.154 	  16 	  2.667 	  0.177 
1248446415.154 	  36 	  2.490 	  0.215 
1248446415.421 	  16 	  2.644 	  0.214 
1248446415.421 	  36 	  2.460 	  0.252 
1248446415.684 	  23 	  1.799 	  0.007 
1248446415.684 	   9 	  2.791 	  0.181 
1248446415.684 	  16 	  2.640 	  0.215 
1248446415.684 	  36 	  2.454 	  0.255 
1248446415.928 	  23 	  1.789 	  0.018 
1248446415.928 	   9 	  2.819 	  0.185 
1248446415.929 	  16 	  2.640 	  0.221 
1248446415.929 	  36 	  2.456 	  0.260 
1248446416.175 	  23 	  1.774 	  0.025 
1248446416.176 	   9 	  2.803 	  0.184 
1248446416.176 	  16 	  2.619 	  0.223 
1248446416.176 	  36 	  2.437 	  0.262 
1248446416.425 	  16 	  2.600 	  0.223 
1248446416.425 	  36 	  2.423 	  0.263 
1248446416.675 	  16 	  2.594 	  0.222 
1248446416.675 	  36 	  2.414 	  0.261 
1248446416.921 	  16 	  2.574 	  0.221 
1248446416.921 	  36 	  2.405 	  0.261 
1248446417.176 	  16 	  2.572 	  0.223 
1248446417.176 	  36 	  2.404 	  0.263 
1248446417.423 	  23 	  1.693 	  0.050 
1248446417.423 	   9 	  2.732 	  0.186 
1248446417.423 	  16 	  2.566 	  0.223 
1248446417.423 	  36 	  2.387 	  0.264 
1248446417.673 	  16 	  2.540 	  0.226 
1248446417.673 	  36 	  2.378 	  0.267 
1248446417.920 	  16 	  2.549 	  0.227 
1248446417.920 	  36 	  2.378 	  0.268 
1248446418.157 	  36 	  2.368 	  0.269 
1248446418.406 	  23 	  1.625 	  0.083 
1248446418.406 	  36 	  2.351 	  0.272 
1248446418.656 	   9 	  2.699 	  0.195 
1248446418.656 	  36 	  2.351 	  0.275 
1248446418.902 	  23 	  1.585 	  0.107 
1248446418.902 	  16 	  2.504 	  0.226 
1248446419.147 	  23 	  1.585 	  0.102 
1248446419.147 	   9 	  2.678 	  0.194 
1248446419.147 	  16 	  2.511 	  0.234 
1248446419.148 	  36 	  2.335 	  0.275 
1248446419.387 	  23 	  1.560 	  0.079 
1248446419.387 	   9 	  2.673 	  0.163 
1248446419.387 	  16 	  2.506 	  0.200 
1248446419.387 	  36 	  2.336 	  0.242 
1248446419.627 	  23 	  1.551 	  0.047 
1248446419.627 	   9 	  2.681 	  0.124 
1248446419.627 	  16 	  2.512 	  0.163 
1248446419.627 	  36 	  2.342 	  0.205 
1248446419.869 	  23 	  1.536 	  0.009 
1248446419.869 	   9 	  2.668 	  0.085 
1248446419.869 	  16 	  2.522 	  0.121 
1248446419.869 	  36 	  2.343 	  0.162 
1248446420.116 	   9 	  2.683 	  0.026 
1248446420.116 	  36 	  2.358 	  0.108 
1248446420.366 	  16 	  2.538 	  0.036 
1248446420.366 	  36 	  2.368 	  0.077 
1248446420.615 	   9 	  2.681 	 -0.070 
1248446420.615 	  36 	  2.359 	  0.018 
1248446420.866 	  23 	  1.476 	 -0.140 
1248446420.866 	  36 	  2.354 	  0.005 
1248446421.120 	  16 	  2.540 	 -0.039 
1248446421.120 	  36 	  2.341 	 -0.002 
1248446421.859 	   9 	  2.657 	 -0.096 
1248446421.859 	  16 	  2.434 	 -0.043 
1248446421.859 	  36 	  2.294 	 -0.009 
1248446422.115 	  36 	  2.286 	 -0.016 
1248446422.612 	  36 	  2.263 	 -0.004 
1248446422.868 	  16 	  2.424 	 -0.062 
1248446423.357 	   9 	  2.500 	 -0.076 
1248446423.357 	  16 	  2.352 	 -0.046 
1248446423.357 	  36 	  2.199 	 -0.001 
1248446423.591 	  36 	  2.179 	 -0.001 
1248446424.070 	  16 	  2.291 	 -0.049 
1248446424.070 	  36 	  2.142 	 -0.002 
1248446424.309 	  36 	  2.127 	 -0.004 
1248446424.550 	  36 	  2.111 	 -0.005 
1248446424.790 	  36 	  2.098 	 -0.003 
1248446425.030 	   9 	  2.372 	 -0.097 
1248446425.030 	  36 	  2.078 	 -0.004 
1248446425.270 	  36 	  2.062 	 -0.003 
1248446425.509 	  36 	  2.045 	 -0.001 
1248446425.741 	  36 	  2.056 	 -0.024 
1248446425.974 	  36 	  2.012 	 -0.003 
1248446426.440 	  16 	  2.171 	 -0.047 
1248446426.440 	  36 	  2.013 	  0.001 
1248446426.909 	   9 	  2.285 	 -0.092 
1248446426.909 	  16 	  2.142 	 -0.047 
1248446426.910 	  36 	  1.984 	  0.003 
1248446427.163 	   9 	  2.270 	 -0.094 
1248446427.163 	  16 	  2.128 	 -0.049 
1248446427.163 	  36 	  1.972 	  0.002 
1248446427.403 	  16 	  2.111 	 -0.049 
1248446427.403 	  36 	  1.963 	 -0.001 
1248446427.648 	   9 	  2.242 	 -0.100 
1248446427.648 	  16 	  2.095 	 -0.052 
1248446427.648 	  36 	  1.940 	 -0.001 
1248446427.888 	  36 	  1.921 	 -0.038 
1248446428.125 	  36 	  1.892 	 -0.137 
1248446428.364 	  36 	  1.861 	 -0.190 
1248446440.666 	  36 	  1.293 	 -0.008 
1248446440.909 	  36 	  1.269 	  0.120 
1248446441.154 	   9 	  1.599 	  0.110 
1248446441.154 	  36 	  1.247 	  0.202 
1248446441.396 	  36 	  1.201 	  0.322 
1248446441.636 	   9 	  1.526 	  0.310 
1248446441.868 	   9 	  1.472 	  0.400 
1248446442.097 	   9 	  1.385 	  0.529 
1248446442.343 	   9 	  1.397 	  0.540 
1248446442.581 	   9 	  1.374 	  0.552 
1248446442.817 	   9 	  1.375 	  0.554 
1248446446.398 	  14 	  3.868 	  0.437 
1248446447.566 	  54 	  5.376 	  0.562 
1248446469.744 	  41 	  3.196 	  0.567 
1248446470.229 	  41 	  3.196 	  0.564 
1248446470.732 	  41 	  3.285 	  0.483 
1248446470.977 	  41 	  3.243 	  0.485 
1248446471.926 	  45 	  6.624 	  0.547 
1248446473.353 	  63 	  7.123 	  0.122 
1248446473.353 	  81 	  7.307 	  0.137 
1248446473.353 	   7 	  7.307 	  0.161 
1248446473.353 	  45 	  6.948 	  0.455 
1248446473.591 	  14 	  2.896 	  0.516 
1248446473.591 	  54 	  5.001 	  0.568 
1248446474.075 	  54 	  5.054 	  0.542 
1248446474.310 	  54 	  5.090 	  0.539 
1248446474.543 	  54 	  5.001 	  0.545 
1248446474.778 	   7 	  7.307 	  0.109 
1248446474.778 	  54 	  5.001 	  0.544 
1248446475.247 	   7 	  7.307 	  0.106 
1248446475.247 	  54 	  4.916 	  0.553 
1248446475.715 	  54 	  5.001 	  0.532 
1248446475.956 	  54 	  5.001 	  0.533 
1248446476.188 	  41 	  3.162 	  0.305 
1248446476.188 	  54 	  4.916 	  0.550 
1248446476.425 	  54 	  4.916 	  0.552 
1248446476.927 	   7 	  7.307 	  0.093 
1248446476.927 	  54 	  4.839 	  0.548 
1248446477.166 	  54 	  4.916 	  0.541 
1248446477.644 	  54 	  4.916 	  0.511 
1248446477.882 	  63 	  6.948 	  0.014 
1248446477.883 	  54 	  4.925 	  0.506 
1248446478.119 	  41 	  3.118 	  0.259 
1248446478.353 	  54 	  4.916 	  0.497 
1248446478.581 	  41 	  3.056 	  0.257 
1248446478.581 	  54 	  4.916 	  0.495 
1248446478.815 	  54 	  4.841 	  0.504 
1248446479.764 	  54 	  4.833 	  0.500 
1248446480.236 	  54 	  4.833 	  0.505 
1248446480.711 	  41 	  2.873 	  0.294 
1248446480.959 	  41 	  2.887 	  0.305 
1248446480.959 	  54 	  4.677 	  0.564 
1248446481.438 	  41 	  2.808 	  0.324 
1248446481.438 	  18 	  4.743 	  0.515 
1248446481.438 	  27 	  4.833 	  0.530 
1248446481.438 	  54 	  4.566 	  0.568 
1248446481.920 	  18 	  4.754 	  0.506 
1248446481.920 	  54 	  4.602 	  0.548 
1248446482.423 	  18 	  4.677 	  0.512 
1248446482.423 	  54 	  4.530 	  0.560 
1248446482.901 	  41 	  2.712 	  0.344 
1248446482.901 	  18 	  4.666 	  0.529 
1248446482.901 	  27 	  4.754 	  0.545 
1248446483.386 	  81 	  6.782 	  0.058 
1248446483.387 	  41 	  2.683 	  0.333 
1248446483.387 	  18 	  4.540 	  0.518 
1248446483.387 	  27 	  4.677 	  0.538 
1248446483.625 	  81 	  6.782 	  0.049 
1248446483.625 	  41 	  2.664 	  0.330 
1248446483.625 	  14 	  2.183 	  0.415 
1248446483.625 	  18 	  4.602 	  0.518 
1248446483.625 	  54 	  4.426 	  0.566 
1248446483.866 	  14 	  2.168 	  0.414 
1248446484.106 	  41 	  2.634 	  0.342 
1248446484.106 	  14 	  2.153 	  0.402 
1248446484.344 	  41 	  2.611 	  0.347 
1248446484.586 	  41 	  2.611 	  0.352 
1248446484.586 	  14 	  2.138 	  0.413 
1248446484.586 	  18 	  4.590 	  0.524 
1248446485.068 	  63 	  6.473 	  0.039 
1248446485.069 	  81 	  6.682 	  0.056 
1248446485.069 	  41 	  2.569 	  0.350 
1248446485.069 	  14 	  2.099 	  0.405 
1248446485.069 	  18 	  4.488 	  0.526 
1248446485.069 	  27 	  4.578 	  0.545 
1248446485.545 	  41 	  2.530 	  0.346 
1248446485.545 	  14 	  2.081 	  0.399 
1248446486.024 	  81 	  6.573 	  0.055 
1248446486.024 	  27 	  4.530 	  0.553 
1248446486.511 	  14 	  2.037 	  0.398 
1248446486.748 	  41 	  2.487 	  0.350 
1248446486.748 	  14 	  2.017 	  0.383 
1248446486.748 	  18 	  4.393 	  0.519 
1248446486.985 	  41 	  2.453 	  0.359 
1248446486.985 	  14 	  2.012 	  0.389 
1248446486.985 	  18 	  4.443 	  0.525 
1248446486.985 	  27 	  4.530 	  0.541 
1248446487.224 	  81 	  6.473 	  0.047 
1248446487.224 	  41 	  2.407 	  0.365 
1248446487.224 	  14 	  1.984 	  0.390 
1248446487.225 	  18 	  4.349 	  0.535 
1248446487.465 	  81 	  6.473 	  0.049 
1248446487.465 	  41 	  2.389 	  0.367 
1248446487.465 	  14 	  1.978 	  0.391 
1248446487.465 	  18 	  4.299 	  0.533 
1248446487.466 	  27 	  4.460 	  0.559 
1248446487.702 	  14 	  1.966 	  0.375 
1248446487.702 	  18 	  4.327 	  0.530 
1248446487.941 	  63 	  6.191 	  0.016 
1248446487.941 	  14 	  1.956 	  0.368 
1248446487.941 	  18 	  4.327 	  0.526 
1248446488.181 	  81 	  6.473 	  0.029 
1248446488.181 	  14 	  1.960 	  0.363 
1248446488.181 	  18 	  4.282 	  0.529 
1248446488.181 	  27 	  4.460 	  0.547 
1248446488.417 	  14 	  1.939 	  0.376 
1248446488.417 	  18 	  4.235 	  0.541 
1248446488.417 	  27 	  4.393 	  0.562 
1248446489.130 	  14 	  1.904 	  0.363 
1248446489.131 	  41 	  2.264 	  0.391 
1248446489.131 	  18 	  4.214 	  0.544 
1248446489.365 	  81 	  6.329 	  0.037 
1248446489.366 	  14 	  1.905 	  0.350 
1248446489.366 	  41 	  2.277 	  0.379 
1248446489.366 	  18 	  4.217 	  0.534 
1248446489.605 	  63 	  6.164 	  0.007 
1248446489.605 	  14 	  1.892 	  0.339 
1248446489.605 	  41 	  2.247 	  0.375 
1248446489.606 	  18 	  4.212 	  0.529 
1248446489.606 	  27 	  4.327 	  0.551 
1248446489.844 	  63 	  6.060 	  0.003 
1248446489.844 	  14 	  1.886 	  0.328 
1248446489.845 	  41 	  2.236 	  0.370 
1248446489.845 	  18 	  4.213 	  0.529 
1248446489.845 	  27 	  4.327 	  0.548 
1248446490.321 	  63 	  6.060 	  0.018 
1248446490.322 	  14 	  1.869 	  0.336 
1248446490.322 	  41 	  2.198 	  0.392 
1248446490.322 	  18 	  4.154 	  0.543 
1248446490.797 	  81 	  6.225 	  0.027 
1248446490.797 	  14 	  1.853 	  0.321 
1248446490.797 	  41 	  2.161 	  0.391 
1248446490.797 	  18 	  4.102 	  0.542 
1248446490.797 	  27 	  4.264 	  0.559 
1248446491.272 	  63 	  6.060 	  0.007 
1248446491.272 	  41 	  2.135 	  0.392 
1248446491.272 	  18 	  4.084 	  0.536 
1248446491.272 	  27 	  4.222 	  0.564 
1248446491.747 	  63 	  6.017 	  0.018 
1248446491.747 	  14 	  1.823 	  0.318 
1248446491.747 	  41 	  2.094 	  0.416 
1248446491.747 	  18 	  4.028 	  0.559 
1248446491.985 	  81 	  6.076 	  0.037 
1248446491.985 	   7 	  6.191 	  0.073 
1248446491.985 	  14 	  1.816 	  0.317 
1248446491.985 	  41 	  2.071 	  0.419 
1248446491.985 	  18 	  3.980 	  0.562 
1248446492.223 	  14 	  1.819 	  0.306 
1248446492.223 	  41 	  2.069 	  0.413 
1248446492.455 	  14 	  1.806 	  0.300 
1248446492.455 	  41 	  2.055 	  0.408 
1248446492.455 	  18 	  4.006 	  0.545 
1248446492.455 	  27 	  4.142 	  0.569 
1248446492.693 	  14 	  1.808 	  0.286 
1248446492.693 	  41 	  2.033 	  0.405 
1248446492.693 	  18 	  4.028 	  0.537 
1248446493.172 	  81 	  6.060 	  0.024 
1248446493.172 	  14 	  1.795 	  0.294 
1248446493.172 	  70 	  5.933 	  0.389 
1248446493.172 	  41 	  2.000 	  0.418 
1248446493.173 	  18 	  3.973 	  0.552 
1248446493.415 	  63 	  5.933 	  0.005 
1248446493.415 	  14 	  1.790 	  0.294 
1248446493.415 	  41 	  1.981 	  0.423 
1248446493.415 	  18 	  3.922 	  0.561 
1248446493.886 	  63 	  5.813 	  0.002 
1248446493.887 	  81 	  6.060 	  0.026 
1248446493.887 	  14 	  1.790 	  0.289 
1248446493.887 	  70 	  5.933 	  0.387 
1248446493.887 	  41 	  1.963 	  0.423 
1248446493.887 	  18 	  3.900 	  0.560 
1248446494.116 	  63 	  5.813 	 -0.001 
1248446494.116 	  81 	  6.060 	  0.019 
1248446494.117 	  18 	  3.919 	  0.553 
1248446494.593 	  14 	  1.770 	  0.275 
1248446494.594 	  18 	  3.868 	  0.544 
1248446494.835 	  18 	  3.873 	  0.546 
1248446494.835 	  27 	  4.028 	  0.568 
1248446495.067 	  14 	  1.756 	  0.281 
1248446495.314 	  14 	  1.751 	  0.285 
1248446495.314 	  18 	  3.788 	  0.565 
1248446495.802 	  63 	  5.697 	  0.005 
1248446495.803 	  81 	  5.933 	  0.022 
1248446495.803 	   7 	  5.933 	  0.057 
1248446495.803 	  18 	  3.768 	  0.571 
1248446496.045 	  63 	  5.697 	 -0.007 
1248446496.045 	   7 	  5.933 	  0.050 
1248446496.046 	  14 	  1.746 	  0.280 
1248446496.046 	  18 	  3.768 	  0.570 
1248446496.288 	  63 	  5.697 	 -0.005 
1248446496.288 	  18 	  3.762 	  0.565 
1248446496.760 	  14 	  1.737 	  0.292 
1248446497.496 	  63 	  5.585 	  0.005 
1248446497.496 	  14 	  1.745 	  0.298 
1248446497.496 	  41 	  1.780 	  0.491 
1248446497.997 	  14 	  1.756 	  0.289 
1248446497.997 	  41 	  1.785 	  0.481 
1248446498.745 	   7 	  5.697 	  0.028 
1248446498.745 	  41 	  1.752 	  0.485 
1248446498.990 	  70 	  5.697 	  0.378 
1248446498.990 	  18 	  3.628 	  0.571 
1248446499.236 	  45 	  5.539 	  0.416 
1248446499.480 	  41 	  1.737 	  0.519 
1248446499.722 	  63 	  5.479 	 -0.022 
1248446499.965 	   7 	  5.622 	  0.041 
1248446499.965 	  41 	  1.692 	  0.542 
1248446500.208 	   7 	  5.585 	  0.038 
1248446500.208 	  41 	  1.684 	  0.548 
1248446500.942 	  14 	  1.749 	  0.277 
1248446500.942 	  41 	  1.641 	  0.566 
1248446501.182 	  14 	  1.756 	  0.288 
1248446501.671 	  14 	  1.731 	  0.295 
1248446501.909 	  70 	  5.479 	  0.398 
1248446502.172 	  14 	  1.727 	  0.299 
1248446502.172 	  45 	  5.376 	  0.418 
1248446502.437 	   7 	  5.479 	  0.020 
1248446502.437 	  70 	  5.376 	  0.392 
1248446502.923 	   7 	  5.376 	  0.018 
1248446502.923 	  14 	  1.712 	  0.304 
1248446504.020 	   7 	  5.376 	  0.013 
1248446504.020 	   5 	  2.463 	  0.571 
1248446504.277 	   5 	  2.447 	  0.568 
1248446504.774 	   5 	  2.432 	  0.567 
1248446505.242 	  63 	  5.090 	 -0.010 
1248446505.476 	   7 	  5.277 	  0.089 
1248446505.711 	  63 	  5.001 	  0.107 
1248446505.945 	  81 	  5.105 	  0.169 
1248446505.945 	  14 	  1.525 	  0.570 
1248446506.432 	  81 	  5.090 	  0.217 
1248446506.675 	  63 	  4.916 	  0.195 
1248446506.675 	   7 	  5.001 	  0.253 
1248446506.920 	  81 	  5.090 	  0.219 
1248446507.161 	  63 	  4.861 	  0.196 
1248446507.161 	   7 	  5.001 	  0.262 
1248446507.410 	   7 	  5.001 	  0.251 
1248446507.653 	   7 	  5.001 	  0.254 
1248446508.141 	   7 	  4.916 	  0.250 
1248446508.849 	  81 	  4.916 	  0.220 
1248446509.084 	  81 	  4.916 	  0.215 
1248446509.559 	   7 	  4.888 	  0.252 
1248446509.798 	  81 	  4.916 	  0.222 
1248446509.798 	   7 	  4.833 	  0.260 
1248446510.034 	  81 	  4.904 	  0.223 
1248446510.034 	   7 	  4.833 	  0.255 
1248446510.270 	   7 	  4.833 	  0.271 
1248446510.507 	  81 	  4.833 	  0.228 
1248446510.507 	   7 	  4.833 	  0.261 
1248446510.739 	  63 	  4.677 	  0.196 
1248446510.976 	   7 	  4.833 	  0.193 
1248446511.211 	   7 	  4.833 	  0.182 
1248446511.444 	  81 	  4.822 	  0.153 
1248446511.444 	   7 	  4.833 	  0.198 
1248446511.676 	  63 	  4.602 	  0.113 
1248446512.145 	  70 	  4.754 	  0.482 
1248446512.145 	  45 	  4.677 	  0.520 
1248446512.385 	   7 	  4.833 	  0.081 
1248446512.619 	  70 	  4.833 	  0.459 
1248446512.619 	  45 	  4.677 	  0.495 
1248446513.369 	   7 	  4.704 	 -0.019 
1248446513.369 	   5 	  2.346 	  0.568 
1248446514.086 	  63 	  4.460 	 -0.102 
1248446514.086 	  81 	  4.677 	 -0.082 
1248446514.086 	   7 	  4.677 	 -0.043 
1248446514.086 	  70 	  4.833 	  0.378 
1248446514.086 	  45 	  4.689 	  0.414 
1248446514.086 	   5 	  2.353 	  0.548 
1248446514.553 	  81 	  4.677 	 -0.079 
1248446514.553 	   7 	  4.677 	 -0.043 
1248446515.261 	  63 	  4.393 	 -0.099 
1248446515.261 	  81 	  4.602 	 -0.082 
1248446515.261 	   7 	  4.602 	 -0.042 
1248446515.261 	  70 	  4.754 	  0.384 
1248446515.261 	  45 	  4.677 	  0.423 
1248446515.262 	   5 	  2.323 	  0.554 
1248446515.495 	  63 	  4.393 	 -0.106 
1248446515.496 	  81 	  4.602 	 -0.081 
1248446515.496 	   7 	  4.602 	 -0.039 
1248446515.496 	  70 	  4.754 	  0.389 
1248446515.496 	  45 	  4.677 	  0.417 
1248446515.732 	  70 	  4.754 	  0.386 
1248446515.733 	   5 	  2.303 	  0.557 
1248446516.187 	  63 	  4.384 	 -0.107 
1248446516.187 	  81 	  4.530 	 -0.087 
1248446516.187 	  70 	  4.754 	  0.383 
1248446516.187 	  45 	  4.602 	  0.421 
1248446516.188 	   5 	  2.300 	  0.557 
1248446516.647 	  70 	  4.677 	  0.375 
1248446516.647 	   5 	  2.298 	  0.543 
1248446516.881 	  63 	  4.264 	 -0.128 
1248446516.881 	  70 	  4.754 	  0.363 
1248446516.881 	  45 	  4.677 	  0.399 
1248446516.882 	   5 	  2.314 	  0.538 
1248446517.812 	   5 	  2.249 	  0.565 
1248446518.279 	   5 	  2.249 	  0.560 
1248446518.542 	   5 	  2.230 	  0.561 
1248446518.814 	   5 	  2.218 	  0.562 
1248446519.083 	   5 	  2.222 	  0.560 
1248446519.353 	   5 	  2.217 	  0.560 
1248446519.608 	  63 	  4.084 	 -0.124 
1248446519.608 	  81 	  4.264 	 -0.103 
1248446519.608 	   7 	  4.321 	 -0.060 
1248446519.608 	  45 	  4.353 	  0.435 
1248446519.608 	   5 	  2.217 	  0.559 
1248446519.867 	  81 	  4.264 	 -0.103 
1248446519.867 	  70 	  4.460 	  0.392 
1248446519.867 	  45 	  4.327 	  0.435 
1248446520.567 	   5 	  2.204 	  0.561 
1248446521.036 	   5 	  2.190 	  0.562 
1248446521.730 	   5 	  2.202 	  0.561 
1248446522.192 	   7 	  4.128 	 -0.061 
1248446522.192 	   5 	  2.190 	  0.559 
1248446522.424 	   7 	  4.084 	 -0.062 
1248446522.424 	   5 	  2.186 	  0.558 
1248446522.655 	  63 	  3.868 	 -0.131 
1248446522.655 	   5 	  2.188 	  0.557 
1248446522.888 	  63 	  3.868 	 -0.133 
1248446522.888 	   5 	  2.196 	  0.555 
1248446523.582 	  63 	  3.817 	 -0.137 
1248446523.582 	   5 	  2.188 	  0.555 
1248446523.814 	   5 	  2.187 	  0.557 
1248446524.045 	  81 	  3.925 	 -0.111 
1248446524.045 	   5 	  2.178 	  0.560 
1248446525.430 	  70 	  4.103 	  0.383 
1248446525.430 	   5 	  2.218 	  0.524 
1248446525.662 	  45 	  3.984 	  0.427 
1248446525.662 	   5 	  2.224 	  0.520 
1248446526.124 	   5 	  2.214 	  0.533 
1248446528.186 	  70 	  3.973 	  0.369 
1248446528.186 	   5 	  2.237 	  0.517 
1248446528.416 	   5 	  2.221 	  0.528 
1248446529.567 	   5 	  2.217 	  0.532 
1248446529.801 	  45 	  3.768 	  0.428 
1248446529.801 	   5 	  2.211 	  0.530 
1248446530.492 	   5 	  2.188 	  0.550 
1248446530.722 	   5 	  2.209 	  0.544 
1248446530.949 	   5 	  2.211 	  0.537 
1248446531.403 	   5 	  2.192 	  0.553 
1248446532.090 	  70 	  3.674 	  0.388 
1248446532.319 	  70 	  3.674 	  0.401 
1248446532.551 	   5 	  2.175 	  0.565 
1248446533.009 	   5 	  2.183 	  0.572 
1248446534.162 	  70 	  3.593 	  0.385 
1248446534.838 	  45 	  3.412 	  0.452 
1248446535.068 	  45 	  3.383 	  0.453 
1248446535.528 	  45 	  3.347 	  0.467 
1248446536.680 	  45 	  3.308 	  0.442 
1248446536.909 	  45 	  3.303 	  0.450 
1248446537.367 	  45 	  3.267 	  0.435 
1248446538.738 	  45 	  3.172 	  0.449 
1248446539.428 	  45 	  3.129 	  0.459 
1248446539.658 	  45 	  3.105 	  0.453 
1248446540.118 	  45 	  3.084 	  0.458 
1248446540.577 	  45 	  3.055 	  0.458 
1248446540.807 	  70 	  3.134 	  0.388 
1248446541.037 	  45 	  3.035 	  0.458 
1248446542.644 	  45 	  2.944 	  0.455 
1248446542.881 	  45 	  2.914 	  0.462 
1248446543.352 	  70 	  2.949 	  0.408 
1248446543.352 	  45 	  2.887 	  0.476 
1248446543.585 	  70 	  2.973 	  0.393 
1248446544.280 	  70 	  2.909 	  0.406 
1248446544.514 	  70 	  2.887 	  0.403 
1248446544.514 	  45 	  2.832 	  0.470 
1248446545.802 	  45 	  2.730 	  0.463 
1248446546.312 	  70 	  2.771 	  0.399 
1248446548.250 	  45 	  2.583 	  0.480 
1248446548.712 	  45 	  2.567 	  0.483 
1248446549.403 	  45 	  2.528 	  0.472 
1248446549.863 	  45 	  2.483 	  0.498 
1248446550.093 	  45 	  2.451 	  0.493 
1248446550.781 	  45 	  2.430 	  0.468 
1248446551.705 	  45 	  2.362 	  0.487 
1248446551.935 	  70 	  2.424 	  0.407 
1248446552.396 	  70 	  2.396 	  0.402 
1248446552.396 	  45 	  2.338 	  0.475 
1248446552.626 	  45 	  2.314 	  0.491 
1248446552.857 	  45 	  2.300 	  0.489 
1248446553.090 	  70 	  2.354 	  0.405 
1248446553.090 	  45 	  2.297 	  0.483 
1248446553.810 	  45 	  2.412 	  0.281 
1248446554.050 	  45 	  2.457 	  0.170 
1248446554.288 	  45 	  2.470 	  0.074 
1248446554.770 	  45 	  2.443 	 -0.124 
1248446554.770 	   5 	  2.280 	  0.550 
1248446555.003 	  45 	  2.394 	 -0.211 
1248446555.003 	   5 	  2.358 	  0.477 
1248446555.237 	   5 	  2.454 	  0.361 
1248446555.237 	  27 	  1.711 	  0.543 
1248446555.474 	   5 	  2.504 	  0.289 
1248446555.711 	   5 	  2.533 	  0.200 
1248446555.711 	  27 	  1.811 	  0.376 
1248446555.711 	  18 	  1.593 	  0.485 
1248446555.956 	   5 	  2.581 	  0.085 
1248446555.956 	  27 	  1.860 	  0.262 
1248446555.956 	  18 	  1.655 	  0.370 
1248446556.193 	   5 	  2.583 	  0.009 
1248446556.194 	  27 	  1.885 	  0.177 
1248446556.194 	  18 	  1.686 	  0.285 
1248446556.673 	  27 	  1.895 	  0.104 
1248446556.673 	  18 	  1.710 	  0.217 
1248446557.144 	  27 	  1.877 	 -0.091 
1248446557.144 	  18 	  1.722 	  0.022 
1248446557.377 	  27 	  1.840 	 -0.173 
1248446557.377 	  18 	  1.704 	 -0.057 
1248446559.783 	  61 	  5.376 	  0.262 
1248446560.019 	  61 	  5.444 	  0.196 
1248446560.019 	  90 	  5.479 	  0.228 
1248446560.482 	  90 	  5.471 	  0.208 
1248446560.482 	  25 	  6.948 	  0.253 
1248446560.718 	   9 	  6.948 	 -0.085 
1248446560.718 	  25 	  7.017 	  0.257 
1248446560.954 	  36 	  7.123 	 -0.035 
1248446560.954 	  72 	  7.284 	  0.235 
1248446561.426 	  90 	  5.410 	  0.209 
1248446561.426 	  25 	  6.948 	  0.255 
1248446561.657 	  61 	  5.360 	  0.182 
1248446561.657 	  72 	  7.254 	  0.237 
1248446562.349 	  90 	  5.376 	  0.215 
1248446562.349 	  72 	  7.123 	  0.236 
1248446562.586 	  61 	  5.277 	  0.189 
1248446562.586 	  72 	  7.123 	  0.245 
1248446562.824 	  36 	  6.970 	 -0.030 
1248446562.824 	  25 	  6.842 	  0.265 
1248446563.299 	  61 	  5.277 	  0.183 
1248446563.299 	  72 	  7.123 	  0.234 
1248446563.780 	   9 	  6.782 	 -0.087 
1248446563.781 	  36 	  6.930 	 -0.033 
1248446563.781 	  61 	  5.277 	  0.183 
1248446563.781 	  90 	  5.376 	  0.213 
1248446563.781 	  72 	  7.123 	  0.234 
1248446563.781 	  25 	  6.892 	  0.259 
1248446564.017 	  61 	  5.277 	  0.182 
1248446564.017 	  72 	  7.123 	  0.239 
1248446564.253 	  61 	  5.264 	  0.182 
1248446564.253 	  25 	  6.782 	  0.264 
1248446564.489 	  90 	  5.277 	  0.217 
1248446564.726 	  61 	  5.253 	  0.183 
1248446564.726 	  25 	  6.827 	  0.263 
1248446564.963 	  90 	  5.277 	  0.214 
1248446565.201 	  36 	  6.815 	 -0.035 
1248446565.201 	  25 	  6.812 	  0.264 
1248446565.438 	  72 	  6.948 	  0.234 
1248446565.438 	  25 	  6.782 	  0.260 
1248446565.911 	  61 	  5.182 	  0.186 
1248446565.911 	  25 	  6.782 	  0.266 
1248446566.150 	  25 	  6.818 	  0.268 
1248446566.624 	  90 	  5.182 	  0.218 
1248446566.624 	  25 	  6.782 	  0.264 
1248446567.095 	  90 	  5.182 	  0.213 
1248446567.331 	  61 	  5.090 	  0.181 
1248446567.569 	  61 	  5.030 	  0.187 
1248446567.569 	  72 	  6.948 	  0.245 
1248446567.807 	  90 	  5.100 	  0.220 
1248446567.807 	  25 	  6.624 	  0.265 
1248446568.514 	  90 	  5.090 	  0.226 
1248446568.985 	  90 	  5.001 	  0.224 
1248446568.985 	  25 	  6.624 	  0.272 
1248446569.458 	   9 	  6.473 	 -0.092 
1248446569.458 	  90 	  5.008 	  0.224 
1248446569.928 	  61 	  4.916 	  0.198 
1248446569.928 	  25 	  6.473 	  0.278 
1248446570.633 	  61 	  4.916 	  0.190 
1248446571.105 	  25 	  6.473 	  0.280 
1248446571.339 	  61 	  4.833 	  0.198 
1248446571.803 	  90 	  4.754 	  0.321 
1248446572.507 	  16 	  6.329 	  0.028 
1248446572.507 	  72 	  6.329 	  0.352 
1248446573.927 	  16 	  6.329 	  0.111 
1248446573.927 	  25 	  5.933 	  0.468 
1248446574.164 	  16 	  6.191 	  0.120 
1248446574.164 	  25 	  5.933 	  0.476 
1248446574.404 	   9 	  6.191 	  0.097 
1248446574.404 	  72 	  6.060 	  0.449 
1248446574.641 	  61 	  4.393 	  0.396 
1248446574.641 	  25 	  5.933 	  0.470 
1248446574.879 	  36 	  6.191 	  0.146 
1248446574.879 	  25 	  5.888 	  0.473 
1248446575.354 	  41 	  3.379 	  0.026 
1248446575.354 	  25 	  5.585 	  0.560 
1248446575.831 	  72 	  5.697 	  0.548 
1248446576.311 	  14 	  3.162 	 -0.145 
1248446576.311 	  41 	  3.418 	  0.039 
1248446576.311 	   9 	  5.996 	  0.188 
1248446576.311 	  16 	  5.933 	  0.220 
1248446576.311 	  61 	  4.192 	  0.500 
1248446576.311 	  90 	  4.142 	  0.531 
1248446576.311 	  72 	  5.585 	  0.556 
1248446577.001 	   9 	  5.933 	  0.191 
1248446577.001 	  90 	  4.056 	  0.544 
1248446577.464 	  14 	  3.137 	 -0.144 
1248446577.464 	  41 	  3.418 	  0.043 
1248446577.464 	  61 	  4.123 	  0.505 
1248446577.703 	  14 	  3.162 	 -0.144 
1248446577.703 	  41 	  3.458 	  0.044 
1248446577.703 	  16 	  5.933 	  0.219 
1248446577.704 	  61 	  4.142 	  0.504 
1248446577.944 	  14 	  3.171 	 -0.142 
1248446577.944 	  41 	  3.458 	  0.045 
1248446577.944 	   9 	  5.813 	  0.189 
1248446577.944 	  16 	  5.933 	  0.220 
1248446577.944 	  36 	  5.813 	  0.247 
1248446577.944 	  61 	  4.046 	  0.504 
1248446577.944 	  90 	  4.048 	  0.544 
1248446578.189 	   9 	  5.933 	  0.189 
1248446578.189 	  90 	  4.044 	  0.544 
1248446578.425 	   9 	  5.933 	  0.189 
1248446578.426 	  72 	  5.585 	  0.562 
1248446578.659 	   9 	  5.933 	  0.189 
1248446578.659 	  72 	  5.585 	  0.561 
1248446578.892 	   9 	  5.933 	  0.188 
1248446578.892 	  72 	  5.531 	  0.561 
1248446579.126 	   9 	  5.933 	  0.189 
1248446579.126 	  90 	  4.036 	  0.545 
1248446579.359 	   9 	  5.933 	  0.189 
1248446579.359 	  90 	  4.037 	  0.545 
1248446579.592 	   9 	  5.933 	  0.191 
1248446579.592 	  90 	  4.037 	  0.544 
1248446579.825 	   9 	  5.933 	  0.191 
1248446579.826 	  72 	  5.585 	  0.559 
1248446580.059 	   9 	  5.933 	  0.189 
1248446580.059 	  90 	  4.037 	  0.545 
1248446580.293 	   9 	  5.933 	  0.189 
1248446580.293 	  72 	  5.549 	  0.560 
1248446580.541 	  14 	  3.340 	 -0.133 
1248446580.541 	  41 	  3.628 	  0.051 
1248446580.541 	   9 	  5.933 	  0.189 
1248446580.541 	  16 	  5.933 	  0.220 
1248446580.541 	  36 	  5.933 	  0.252 
1248446580.541 	  61 	  4.076 	  0.510 
1248446580.541 	  90 	  4.036 	  0.545 
1248446580.795 	  14 	  3.344 	 -0.133 
1248446580.796 	  41 	  3.628 	  0.051 
1248446580.796 	   9 	  5.933 	  0.190 
1248446580.796 	  16 	  5.933 	  0.220 
1248446580.796 	  36 	  5.933 	  0.252 
1248446580.796 	  61 	  4.065 	  0.510 
1248446580.796 	  90 	  4.037 	  0.545 
1248446580.796 	  72 	  5.479 	  0.560 
1248446581.046 	  14 	  3.379 	 -0.132 
1248446581.046 	  41 	  3.674 	  0.051 
1248446581.046 	   9 	  5.933 	  0.189 
1248446581.046 	  16 	  5.933 	  0.220 
1248446581.047 	  36 	  5.933 	  0.252 
1248446581.047 	  61 	  4.092 	  0.509 
1248446581.047 	  90 	  4.037 	  0.544 
1248446581.295 	  14 	  3.382 	 -0.131 
1248446581.295 	  41 	  3.674 	  0.051 
1248446581.295 	   9 	  5.933 	  0.189 
1248446581.296 	  16 	  5.933 	  0.220 
1248446581.296 	  36 	  5.933 	  0.252 
1248446581.296 	  61 	  4.090 	  0.510 
1248446581.296 	  90 	  4.036 	  0.545 
1248446581.552 	  14 	  3.418 	 -0.131 
1248446581.552 	  41 	  3.674 	  0.051 
1248446581.552 	   9 	  5.933 	  0.189 
1248446581.553 	  16 	  5.933 	  0.220 
1248446581.553 	  36 	  5.933 	  0.252 
1248446581.553 	  61 	  4.084 	  0.509 
1248446581.553 	  90 	  4.037 	  0.544 
1248446581.794 	  14 	  3.422 	 -0.130 
1248446581.794 	  41 	  3.684 	  0.051 
1248446581.794 	   9 	  5.933 	  0.190 
1248446581.794 	  16 	  5.933 	  0.220 
1248446581.794 	  36 	  5.933 	  0.252 
1248446581.794 	  61 	  4.092 	  0.509 
1248446581.795 	  90 	  4.038 	  0.545 
1248446582.034 	  14 	  3.458 	 -0.130 
1248446582.034 	  41 	  3.716 	  0.051 
1248446582.034 	   9 	  5.933 	  0.189 
1248446582.034 	  16 	  5.933 	  0.220 
1248446582.034 	  36 	  5.933 	  0.252 
1248446582.034 	  61 	  4.065 	  0.510 
1248446582.034 	  90 	  4.036 	  0.545 
1248446582.272 	  14 	  3.446 	 -0.127 
1248446582.272 	  41 	  3.720 	  0.052 
1248446582.272 	   9 	  5.933 	  0.189 
1248446582.273 	  16 	  5.933 	  0.220 
1248446582.273 	  36 	  5.933 	  0.252 
1248446582.273 	  61 	  4.076 	  0.509 
1248446582.273 	  90 	  4.039 	  0.544 
1248446582.512 	  14 	  3.466 	 -0.127 
1248446582.512 	  41 	  3.720 	  0.053 
1248446582.512 	   9 	  5.933 	  0.189 
1248446582.512 	  16 	  5.933 	  0.220 
1248446582.512 	  36 	  5.933 	  0.252 
1248446582.512 	  61 	  4.077 	  0.509 
1248446582.512 	  90 	  4.036 	  0.545 
1248446582.757 	  14 	  3.465 	 -0.124 
1248446582.758 	  90 	  4.036 	  0.544 
1248446582.998 	   9 	  5.933 	  0.189 
1248446582.999 	  90 	  4.036 	  0.544 
1248446583.244 	  14 	  3.499 	 -0.125 
1248446583.244 	  41 	  3.768 	  0.058 
1248446583.244 	   9 	  5.933 	  0.189 
1248446583.244 	  16 	  5.933 	  0.220 
1248446583.244 	  36 	  5.933 	  0.252 
1248446583.244 	  61 	  4.076 	  0.509 
1248446583.244 	  90 	  4.036 	  0.544 
1248446583.489 	  14 	  3.508 	 -0.124 
1248446583.489 	  41 	  3.768 	  0.060 
1248446583.489 	   9 	  5.933 	  0.189 
1248446583.489 	  16 	  5.933 	  0.220 
1248446583.490 	  36 	  5.933 	  0.252 
1248446583.490 	  61 	  4.092 	  0.510 
1248446583.490 	  90 	  4.037 	  0.544 
1248446583.735 	  14 	  3.536 	 -0.125 
1248446583.735 	  41 	  3.754 	  0.062 
1248446583.735 	   9 	  5.933 	  0.189 
1248446583.735 	  16 	  5.933 	  0.220 
1248446583.735 	  36 	  5.933 	  0.252 
1248446583.735 	  61 	  4.077 	  0.510 
1248446583.736 	  90 	  4.036 	  0.545 
1248446583.976 	  14 	  3.541 	 -0.066 
1248446583.976 	  41 	  3.730 	  0.126 
1248446583.976 	   9 	  5.813 	  0.248 
1248446583.976 	  16 	  5.813 	  0.280 
1248446584.219 	   9 	  5.832 	  0.269 
1248446584.219 	  36 	  5.813 	  0.332 
1248446584.954 	   9 	  5.697 	  0.279 
1248446584.954 	  36 	  5.697 	  0.343 
1248446585.446 	   9 	  5.697 	  0.280 
1248446586.938 	   9 	  5.585 	  0.377 
1248446587.415 	   9 	  5.406 	  0.380 
1248446587.415 	  36 	  5.342 	  0.446 
1248446587.667 	   9 	  5.479 	  0.381 
1248446587.667 	  36 	  5.376 	  0.448 
1248446587.931 	   9 	  5.383 	  0.383 
1248446587.931 	  36 	  5.376 	  0.450 
1248446588.430 	  16 	  5.277 	  0.497 
1248446588.430 	  36 	  5.182 	  0.529 
1248446588.680 	  16 	  5.229 	  0.504 
1248446588.680 	  36 	  5.182 	  0.532 
1248446588.930 	  41 	  3.267 	  0.442 
1248446589.182 	  41 	  3.231 	  0.462 
1248446589.182 	  36 	  5.090 	  0.541 
1248446589.433 	  23 	  3.817 	 -0.155 
1248446589.433 	  14 	  3.541 	  0.163 
1248446589.433 	  41 	  3.196 	  0.464 
1248446589.433 	  16 	  5.182 	  0.509 
1248446589.434 	  36 	  5.090 	  0.541 
1248446589.917 	  41 	  3.065 	  0.569 
1248446590.158 	  14 	  3.499 	  0.255 
1248446592.041 	  90 	  3.720 	  0.555 
1248446592.513 	  41 	  3.418 	  0.029 
1248446592.981 	  90 	  4.142 	  0.232 
1248446593.214 	  61 	  4.084 	  0.141 
1248446593.450 	  61 	  4.142 	  0.068 
1248446593.451 	  90 	  4.142 	  0.115 
1248446593.451 	  25 	  5.903 	  0.133 
1248446593.688 	  90 	  4.142 	  0.061 
1248446594.408 	  25 	  5.813 	 -0.059 
1248446594.873 	  90 	  4.084 	 -0.081 
1248446595.559 	  90 	  4.028 	 -0.083 
1248446595.792 	  25 	  5.813 	 -0.069 
1248446596.025 	  25 	  5.697 	 -0.070 
1248446596.996 	  61 	  3.817 	 -0.124 
1248446597.463 	  90 	  3.919 	 -0.085 
1248446597.933 	  25 	  5.585 	 -0.064 
1248446598.866 	  25 	  5.479 	 -0.074 
1248446599.099 	  25 	  5.585 	 -0.071 
1248446600.033 	  90 	  3.732 	 -0.091 
1248446600.033 	  25 	  5.479 	 -0.078 
1248446600.498 	  25 	  5.427 	 -0.077 
1248446600.742 	  25 	  5.376 	 -0.075 
1248446601.508 	  90 	  3.674 	 -0.133 
1248446601.509 	  25 	  5.376 	 -0.120 
1248446604.448 	  25 	  5.182 	 -0.124 
1248446605.633 	  25 	  5.090 	 -0.135 
1248446605.871 	  25 	  5.090 	 -0.134 
1248446607.080 	  90 	  3.231 	 -0.156 
1248446607.081 	  25 	  4.992 	 -0.131 
1248446608.969 	  25 	  4.833 	 -0.138 
1248446609.205 	  25 	  4.833 	 -0.138 
1248446609.441 	  25 	  4.833 	 -0.141 
1248446609.931 	  25 	  4.833 	 -0.144 
1248446610.179 	  25 	  4.754 	 -0.140 
1248446611.641 	  25 	  4.677 	 -0.145 
1248446612.130 	  25 	  4.677 	 -0.146 
1248446612.622 	  25 	  4.602 	 -0.148 
1248446613.495 	  25 	  4.530 	 -0.140 
1248446613.984 	  25 	  4.530 	 -0.144 
1248446628.414 	  25 	  3.817 	 -0.055 
1248446629.111 	  25 	  3.817 	  0.023 
1248446629.579 	  25 	  3.743 	  0.131 
1248446629.815 	  25 	  3.724 	  0.134 
1248446630.974 	  72 	  3.674 	  0.258 
1248446631.439 	  61 	  1.892 	  0.155 
1248446631.439 	  90 	  1.931 	  0.257 
1248446631.678 	  72 	  3.434 	  0.447 
1248446631.914 	  36 	  3.725 	 -0.078 
1248446631.914 	  25 	  3.246 	  0.500 
1248446633.330 	  36 	  3.584 	  0.212 
1248446633.330 	  61 	  1.588 	  0.530 
1248446633.793 	  16 	  3.614 	  0.234 
1248446633.793 	  36 	  3.501 	  0.285 
1248446634.024 	  36 	  3.499 	  0.289 
1248446634.716 	  16 	  3.554 	  0.237 
1248446634.716 	  36 	  3.452 	  0.289 
1248446634.949 	  16 	  3.555 	  0.237 
1248446634.949 	  36 	  3.437 	  0.288 
1248446635.182 	  16 	  3.547 	  0.237 
1248446635.182 	  36 	  3.458 	  0.288 
1248446635.414 	  16 	  3.556 	  0.237 
1248446635.415 	  36 	  3.461 	  0.289 
1248446635.647 	  16 	  3.549 	  0.237 
1248446635.647 	  36 	  3.468 	  0.288 
1248446636.117 	  16 	  3.543 	  0.240 
1248446636.117 	  36 	  3.425 	  0.292 
1248446636.576 	  16 	  3.524 	  0.238 
1248446636.576 	  36 	  3.455 	  0.289 
1248446637.033 	  36 	  3.267 	  0.422 
1248446637.266 	  23 	  2.780 	 -0.185 
1248446637.266 	  36 	  3.068 	  0.553 
1248446637.496 	   9 	  3.162 	  0.531 
1248446637.727 	   5 	  1.738 	  0.387 
1248446637.959 	   5 	  1.713 	  0.421 
1248446638.422 	   5 	  1.727 	  0.433 
1248446638.655 	  23 	  2.723 	 -0.018 
1248446638.655 	   5 	  1.712 	  0.439 
1248446638.892 	   5 	  1.718 	  0.443 
1248446639.131 	   5 	  1.714 	  0.450 
1248446639.389 	   5 	  1.707 	  0.459 
1248446639.622 	   5 	  1.714 	  0.463 
1248446640.109 	  23 	  2.614 	 -0.046 
1248446640.109 	   5 	  1.696 	  0.474 
1248446640.354 	   5 	  1.697 	  0.480 
1248446640.587 	  23 	  2.600 	 -0.054 
1248446640.840 	  23 	  2.600 	 -0.059 
1248446640.840 	   5 	  1.709 	  0.490 
1248446641.310 	   5 	  1.684 	  0.509 
1248446641.798 	  23 	  2.468 	  0.062 
1248446642.026 	  23 	  2.424 	  0.146 
1248446642.258 	  23 	  2.386 	  0.184 
1248446642.490 	  23 	  2.349 	  0.188 
1248446642.723 	  23 	  2.332 	  0.191 
1248446642.958 	  23 	  2.314 	  0.191 
1248446643.499 	  23 	  2.268 	  0.188 
1248446643.732 	  23 	  2.220 	  0.184 
1248446643.977 	  23 	  2.198 	  0.175 
1248446644.208 	  23 	  2.186 	  0.172 
1248446644.672 	  23 	  2.143 	  0.170 
1248446645.141 	  23 	  2.087 	  0.163 
1248446645.607 	  23 	  2.058 	  0.155 
1248446646.076 	  23 	  1.951 	  0.282 
1248446646.313 	  23 	  1.917 	  0.309 
1248446646.547 	  23 	  1.912 	  0.306 
1248446646.781 	  23 	  1.890 	  0.300 
1248446647.015 	  23 	  1.876 	  0.297 
1248446647.251 	  23 	  1.862 	  0.294 
1248446647.485 	  23 	  1.848 	  0.289 
1248446647.754 	  23 	  1.836 	  0.286 
1248446648.002 	  23 	  1.814 	  0.280 
1248446648.232 	  23 	  1.816 	  0.291 
1248446648.461 	  23 	  1.718 	  0.393 
1248446648.691 	  23 	  1.648 	  0.473 
1248446648.922 	  23 	  1.559 	  0.560 
1248446651.325 	  14 	  2.002 	 -0.162 
1248446651.557 	  14 	  1.991 	 -0.200 
1248446653.667 	  23 	  1.259 	  0.542 
1248446653.981 	  23 	  1.261 	  0.527 
1248446654.283 	  23 	  1.262 	  0.511 
1248446654.586 	  23 	  1.268 	  0.496 
1248446654.887 	  23 	  1.276 	  0.476 
1248446655.190 	  23 	  1.282 	  0.464 
1248446655.492 	  23 	  1.290 	  0.449 
1248446655.793 	  23 	  1.298 	  0.435 
1248446656.094 	  23 	  1.306 	  0.416 
1248446656.396 	  23 	  1.309 	  0.404 
1248446656.698 	  23 	  1.317 	  0.388 
1248446657.001 	  23 	  1.321 	  0.373 
1248446657.303 	  23 	  1.329 	  0.355 
1248446657.606 	  23 	  1.334 	  0.342 
1248446657.908 	  23 	  1.341 	  0.324 
1248446658.211 	  23 	  1.346 	  0.309 
1248446658.514 	  23 	  1.352 	  0.292 
1248446658.816 	  23 	  1.356 	  0.278 
1248446659.118 	  23 	  1.360 	  0.262 
1248446659.421 	  23 	  1.364 	  0.247 
1248446659.722 	  23 	  1.365 	  0.232 
1248446660.025 	  23 	  1.372 	  0.216 
1248446660.328 	  23 	  1.374 	  0.203 
1248446660.629 	  23 	  1.377 	  0.189 
1248446660.930 	  23 	  1.379 	  0.172 
1248446661.232 	  23 	  1.380 	  0.158 
1248446661.535 	  23 	  1.382 	  0.148 
1248446661.837 	  23 	  1.383 	  0.133 
1248446662.138 	  23 	  1.387 	  0.115 
1248446662.440 	  23 	  1.389 	  0.104 
1248446662.741 	  23 	  1.391 	  0.088 
1248446663.042 	  23 	  1.390 	  0.075 
1248446663.331 	  23 	  1.390 	  0.062 
1248446663.634 	  23 	  1.390 	  0.053 
1248446663.935 	  23 	  1.389 	  0.035 
1248446664.237 	  23 	  1.389 	  0.023 
1248446664.538 	  23 	  1.390 	  0.009 
1248446664.840 	  23 	  1.390 	 -0.004 
1248446665.141 	  23 	  1.388 	 -0.015 
1248446665.442 	  23 	  1.389 	 -0.028 
1248446665.744 	  23 	  1.387 	 -0.041 
1248446666.042 	  23 	  1.384 	 -0.054 
1248446666.347 	  23 	  1.381 	 -0.064 
1248446666.644 	  23 	  1.382 	 -0.079 
1248446666.940 	  23 	  1.378 	 -0.093 
1248446667.236 	  23 	  1.380 	 -0.105 
1248446667.532 	  23 	  1.378 	 -0.117 
1248446667.834 	  23 	  1.374 	 -0.125 
1248446668.140 	  23 	  1.376 	 -0.142 
1248446668.443 	  23 	  1.375 	 -0.155 
1248446668.746 	  23 	  1.374 	 -0.167 
1248446669.048 	  23 	  1.367 	 -0.170 
1248446669.352 	  23 	  1.364 	 -0.182 
1248446669.654 	  23 	  1.367 	 -0.190 
1248446669.957 	  23 	  1.362 	 -0.202 
1248446670.259 	  23 	  1.363 	 -0.208 
1248446670.562 	  23 	  1.363 	 -0.219 
1248446670.865 	  23 	  1.358 	 -0.230 
1248446671.169 	  23 	  1.356 	 -0.240 
1248446671.774 	  23 	  1.350 	 -0.263 
1248446672.077 	  23 	  1.345 	 -0.277 
1248446672.683 	  23 	  1.334 	 -0.297 
1248446672.986 	  23 	  1.339 	 -0.303 
1248446673.885 	  23 	  1.329 	 -0.331 
1248446843.418 	   9 	  2.626 	  0.565 
1248446843.655 	  16 	  2.652 	  0.550 
1248446843.892 	  16 	  2.633 	  0.559 
1248446844.369 	  16 	  2.619 	  0.557 
1248446844.606 	  16 	  2.607 	  0.560 
1248446844.843 	  16 	  2.616 	  0.556 
1248446845.083 	   9 	  2.658 	  0.498 
1248446845.083 	  16 	  2.590 	  0.558 
1248446845.323 	  16 	  2.582 	  0.560 
1248446845.561 	  16 	  2.578 	  0.563 
1248446845.796 	  16 	  2.585 	  0.549 
1248446846.035 	  16 	  2.679 	  0.481 
1248446846.035 	  36 	  2.600 	  0.545 
1248446846.274 	  36 	  2.580 	  0.549 
1248446846.512 	  36 	  2.563 	  0.553 
1248446846.752 	  36 	  2.572 	  0.553 
1248446846.992 	  36 	  2.559 	  0.548 
1248446847.230 	   9 	  2.685 	  0.424 
1248446847.230 	  36 	  2.547 	  0.555 
1248446847.462 	  36 	  2.540 	  0.551 
1248446847.698 	  36 	  2.630 	  0.477 
1248446848.177 	  16 	  2.686 	  0.403 
1248446848.177 	  36 	  2.611 	  0.469 
1248446848.414 	  36 	  2.601 	  0.480 
1248446848.651 	  36 	  2.604 	  0.480 
1248446848.889 	  36 	  2.582 	  0.477 
1248446849.156 	  36 	  2.581 	  0.483 
1248446849.390 	  36 	  2.663 	  0.400 
1248446849.863 	  36 	  2.641 	  0.394 
1248446850.101 	  36 	  2.642 	  0.392 
1248446850.338 	  36 	  2.638 	  0.399 
1248446850.568 	  36 	  2.636 	  0.395 
1248446850.800 	  36 	  2.622 	  0.392 
1248446851.037 	  36 	  2.609 	  0.401 
1248446851.274 	  36 	  2.607 	  0.402 
1248446851.509 	  36 	  2.634 	  0.368 
1248446851.752 	   9 	  2.705 	  0.195 
1248446851.752 	  16 	  2.688 	  0.262 
1248446851.752 	  36 	  2.642 	  0.333 
1248446851.987 	   9 	  2.704 	  0.182 
1248446851.987 	  16 	  2.693 	  0.250 
1248446851.987 	  36 	  2.651 	  0.321 
1248446852.230 	  16 	  2.698 	  0.245 
1248446852.230 	  36 	  2.664 	  0.317 
1248446852.469 	  36 	  2.645 	  0.314 
1248446852.725 	  36 	  2.639 	  0.324 
1248446852.971 	  36 	  2.621 	  0.324 
1248446853.292 	  16 	  2.681 	  0.205 
1248446853.536 	  36 	  2.681 	  0.232 
1248446854.026 	  36 	  2.640 	  0.234 
1248446854.272 	  36 	  2.638 	  0.242 
1248446854.518 	  36 	  2.617 	  0.244 
1248446855.244 	  14 	  1.372 	  0.429 
1248446855.490 	  14 	  1.333 	  0.442 
1248446855.734 	  36 	  2.633 	  0.061 
1248446855.734 	  14 	  1.322 	  0.441 
1248446855.991 	  72 	  2.944 	  0.564 
1248446856.233 	  36 	  2.604 	 -0.098 
1248446856.233 	  72 	  3.025 	  0.506 
1248446856.233 	  25 	  2.928 	  0.562 
1248446856.478 	  72 	  3.025 	  0.500 
1248446856.478 	  25 	  2.915 	  0.561 
1248446856.720 	  72 	  3.026 	  0.494 
1248446856.720 	  25 	  2.940 	  0.559 
1248446856.960 	  25 	  2.915 	  0.558 
1248446857.196 	  25 	  2.909 	  0.560 
1248446857.424 	  72 	  3.000 	  0.502 
1248446857.424 	  25 	  2.893 	  0.560 
1248446857.896 	  25 	  2.865 	  0.567 
1248446858.845 	  25 	  2.973 	  0.498 
1248446859.084 	  25 	  2.980 	  0.486 
1248446859.587 	  25 	  3.065 	  0.400 
1248446862.703 	  36 	  2.433 	 -0.014 
1248446862.931 	  36 	  2.424 	  0.070 
1248446863.259 	  36 	  2.395 	  0.179 
1248446863.507 	  36 	  2.397 	  0.203 
1248446863.766 	  36 	  2.397 	  0.204 
1248446864.004 	   9 	  2.405 	  0.077 
1248446864.004 	  16 	  2.408 	  0.159 
1248446864.005 	  36 	  2.381 	  0.241 
1248446864.245 	   9 	  2.405 	  0.115 
1248446864.245 	  16 	  2.391 	  0.208 
1248446864.246 	  36 	  2.368 	  0.292 
1248446864.483 	   9 	  2.386 	  0.182 
1248446864.484 	  16 	  2.375 	  0.267 
1248446864.484 	  36 	  2.332 	  0.352 
1248446864.724 	   9 	  2.355 	  0.213 
1248446864.724 	  16 	  2.352 	  0.292 
1248446864.725 	  36 	  2.291 	  0.373 
1248446864.962 	  16 	  2.396 	  0.198 
1248446864.962 	  36 	  2.359 	  0.278 
1248446865.440 	   9 	  2.409 	 -0.040 
1248446865.440 	  16 	  2.430 	  0.038 
1248446865.440 	  36 	  2.421 	  0.119 
1248446865.680 	   9 	  2.405 	 -0.035 
1248446865.681 	  16 	  2.437 	  0.039 
1248446865.681 	  36 	  2.430 	  0.120 
1248446865.940 	  36 	  2.427 	  0.135 
1248446866.178 	   9 	  2.405 	 -0.002 
1248446866.178 	  16 	  2.425 	  0.077 
1248446866.179 	  36 	  2.424 	  0.157 
1248446866.420 	  16 	  2.443 	  0.029 
1248446866.420 	  36 	  2.443 	  0.109 
1248446866.657 	  36 	  2.427 	  0.114 
1248446866.895 	  36 	  2.440 	  0.043 
1248446867.133 	  36 	  2.441 	  0.039 
1248446867.364 	  36 	  2.442 	  0.006 
1248446867.596 	  36 	  2.436 	 -0.090 
1248446867.832 	  72 	  2.826 	  0.534 
1248446868.069 	  36 	  2.430 	 -0.113 
1248446868.069 	  72 	  2.830 	  0.534 
1248446868.303 	  72 	  2.822 	  0.543 
1248446868.530 	  72 	  2.770 	  0.570 
1248446869.452 	  25 	  3.051 	  0.376 
1248446869.685 	  25 	  3.036 	  0.377 
1248446869.935 	  25 	  3.017 	  0.395 
1248446870.170 	  72 	  3.026 	  0.393 
1248446870.170 	  25 	  2.956 	  0.449 
1248446870.402 	  72 	  3.065 	  0.386 
1248446870.865 	  25 	  3.162 	  0.222 
1248446871.097 	  72 	  3.178 	  0.157 
1248446871.098 	  61 	  1.302 	  0.540 
1248446871.330 	  61 	  1.305 	  0.533 
1248446871.560 	  25 	  3.162 	  0.249 
1248446871.784 	  25 	  3.139 	  0.256 
1248446872.243 	  61 	  1.345 	  0.462 
1248446872.477 	  25 	  3.212 	  0.118 
1248446872.711 	  61 	  1.346 	  0.456 
1248446872.942 	  61 	  1.346 	  0.463 
1248446873.646 	  61 	  1.413 	  0.309 
1248446873.646 	  90 	  1.586 	  0.369 
1248446873.879 	  61 	  1.412 	  0.318 
1248446874.110 	  61 	  1.409 	  0.321 
1248446874.571 	  90 	  1.631 	  0.249 
1248446874.807 	  90 	  1.634 	  0.251 
1248446875.039 	  25 	  3.231 	 -0.114 
1248446875.039 	  61 	  1.454 	  0.191 
1248446877.590 	  90 	  1.538 	  0.190 
1248446877.824 	  90 	  1.538 	  0.195 
1248446883.177 	  72 	  2.806 	 -0.034 
1248446883.409 	  72 	  2.780 	  0.055 
1248446883.409 	  25 	  2.754 	  0.124 
1248446883.644 	  72 	  2.749 	  0.136 
1248446883.644 	  25 	  2.708 	  0.205 
1248446884.345 	  25 	  2.525 	  0.422 
1248446884.576 	  25 	  2.453 	  0.483 
1248446884.810 	  72 	  2.463 	  0.459 
1248446885.283 	  72 	  2.356 	  0.533 
1248446885.519 	  72 	  2.341 	  0.538 
1248446886.228 	  72 	  2.293 	  0.545 
1248446886.466 	  72 	  2.289 	  0.539 
1248446886.937 	  72 	  2.236 	  0.555 
1248446887.174 	  72 	  2.216 	  0.556 
1248446887.410 	  72 	  2.211 	  0.558 
1248446887.876 	  72 	  2.181 	  0.563 
1248446888.117 	  72 	  2.159 	  0.566 
1248446888.356 	  72 	  2.155 	  0.565 
1248446888.589 	  72 	  2.130 	  0.571 
1248446888.826 	  72 	  2.131 	  0.568 
1248446889.059 	  72 	  2.123 	  0.571 
1248446892.088 	  36 	  1.648 	 -0.001 
1248446892.320 	  36 	  1.631 	  0.088 
1248446892.553 	  36 	  1.607 	  0.158 
1248446893.022 	  36 	  1.527 	  0.359 
1248446893.260 	  36 	  1.465 	  0.450 
1248446893.493 	  36 	  1.372 	  0.572 
1248446893.735 	   9 	  1.532 	  0.412 
1248446893.735 	  16 	  1.433 	  0.536 
1248446894.001 	   9 	  1.439 	  0.544 
1248446898.883 	  18 	  5.090 	  0.068 
1248446899.349 	   5 	  3.584 	  0.248 
1248446899.821 	  18 	  4.967 	  0.203 
1248446899.821 	  54 	  4.833 	  0.272 
1248446900.055 	  54 	  4.916 	  0.278 
1248446900.288 	  18 	  4.916 	  0.210 
1248446900.288 	  54 	  4.851 	  0.273 
1248446901.447 	  54 	  4.754 	  0.345 
1248446901.687 	  18 	  4.916 	  0.311 
1248446901.940 	  54 	  4.677 	  0.374 
1248446902.639 	  54 	  4.530 	  0.436 
1248446902.874 	  14 	  2.758 	 -0.065 
1248446903.112 	  14 	  2.754 	 -0.053 
1248446903.355 	  14 	  2.754 	 -0.055 
1248446903.356 	  81 	  7.123 	  0.066 
1248446903.356 	   7 	  7.204 	  0.092 
1248446903.356 	   5 	  2.924 	  0.440 
1248446903.356 	  27 	  4.677 	  0.451 
1248446903.356 	  54 	  4.360 	  0.473 
1248446903.596 	   5 	  2.884 	  0.436 
1248446903.836 	  14 	  2.754 	 -0.072 
1248446903.836 	   7 	  7.123 	  0.076 
1248446903.836 	   5 	  2.892 	  0.428 
1248446904.552 	  14 	  2.734 	 -0.070 
1248446904.552 	  63 	  6.948 	  0.032 
1248446904.552 	  81 	  7.123 	  0.053 
1248446904.552 	   7 	  7.123 	  0.080 
1248446904.552 	   5 	  2.760 	  0.443 
1248446904.553 	  54 	  4.343 	  0.460 
1248446904.788 	  14 	  2.754 	 -0.078 
1248446904.789 	  81 	  7.123 	  0.047 
1248446904.789 	   7 	  7.123 	  0.074 
1248446904.789 	   5 	  2.747 	  0.438 
1248446905.026 	  14 	  2.731 	 -0.076 
1248446905.026 	  63 	  6.948 	  0.028 
1248446905.026 	  81 	  7.123 	  0.049 
1248446905.026 	   7 	  7.017 	  0.077 
1248446905.026 	   5 	  2.700 	  0.445 
1248446905.264 	  14 	  2.746 	 -0.079 
1248446905.264 	  63 	  6.948 	  0.024 
1248446905.264 	  81 	  7.123 	  0.047 
1248446905.264 	   7 	  7.006 	  0.074 
1248446905.264 	   5 	  2.681 	  0.444 
1248446905.502 	  14 	  2.724 	 -0.088 
1248446905.502 	  81 	  6.948 	  0.032 
1248446905.502 	   5 	  2.639 	  0.441 
1248446905.976 	  14 	  2.732 	 -0.096 
1248446905.976 	  63 	  6.782 	  0.009 
1248446905.976 	  81 	  6.948 	  0.030 
1248446905.976 	   7 	  6.948 	  0.057 
1248446905.976 	   5 	  2.573 	  0.441 
1248446906.213 	  14 	  2.730 	 -0.098 
1248446906.214 	  63 	  6.948 	  0.012 
1248446906.214 	  81 	  6.948 	  0.034 
1248446906.214 	   7 	  6.920 	  0.062 
1248446906.214 	   5 	  2.562 	  0.439 
1248446906.927 	  14 	  2.727 	 -0.098 
1248446906.927 	  63 	  6.782 	  0.007 
1248446906.927 	  81 	  6.948 	  0.030 
1248446906.927 	   7 	  6.948 	  0.057 
1248446906.927 	  70 	  6.191 	  0.366 
1248446906.927 	   5 	  2.457 	  0.453 
1248446907.165 	  14 	  2.727 	 -0.109 
1248446907.165 	  63 	  6.782 	 -0.007 
1248446907.165 	  81 	  6.782 	  0.021 
1248446907.165 	   7 	  6.782 	  0.048 
1248446907.165 	  70 	  6.191 	  0.359 
1248446907.165 	  18 	  4.306 	  0.380 
1248446907.165 	   5 	  2.440 	  0.446 
1248446907.403 	   5 	  2.389 	  0.454 
1248446907.642 	  14 	  2.726 	 -0.110 
1248446907.642 	  81 	  6.782 	  0.028 
1248446907.642 	  18 	  4.239 	  0.387 
1248446907.642 	   5 	  2.374 	  0.454 
1248446907.877 	   5 	  2.325 	  0.456 
1248446908.110 	   7 	  6.818 	  0.049 
1248446908.110 	   5 	  2.301 	  0.461 
1248446908.576 	  81 	  6.782 	  0.013 
1248446908.576 	   5 	  2.246 	  0.456 
1248446908.810 	  81 	  6.782 	  0.017 
1248446908.810 	   5 	  2.230 	  0.463 
1248446909.045 	   5 	  2.192 	  0.473 
1248446909.282 	  14 	  2.730 	 -0.124 
1248446909.282 	   5 	  2.168 	  0.472 
1248446909.755 	  14 	  2.754 	 -0.139 
1248446909.755 	   5 	  2.153 	  0.452 
1248446909.994 	  70 	  6.060 	  0.342 
1248446909.994 	   5 	  2.080 	  0.470 
1248446910.230 	  18 	  4.142 	  0.393 
1248446910.230 	   5 	  2.067 	  0.474 
1248446910.693 	  18 	  4.070 	  0.381 
1248446910.693 	   5 	  1.994 	  0.470 
1248446910.922 	  81 	  6.668 	 -0.013 
1248446910.923 	   5 	  1.979 	  0.467 
1248446911.156 	  81 	  6.624 	 -0.020 
1248446911.156 	   5 	  1.953 	  0.466 
1248446911.395 	   5 	  1.934 	  0.455 
1248446911.634 	  45 	  5.909 	  0.351 
1248446911.634 	   5 	  1.924 	  0.456 
1248446911.875 	   5 	  1.913 	  0.457 
1248446912.115 	  14 	  2.770 	 -0.153 
1248446912.115 	  81 	  6.624 	 -0.008 
1248446912.115 	  45 	  5.813 	  0.362 
1248446912.115 	  18 	  4.028 	  0.373 
1248446912.116 	   5 	  1.877 	  0.474 
1248446912.359 	  14 	  2.754 	 -0.154 
1248446912.359 	  81 	  6.624 	 -0.009 
1248446912.359 	  45 	  5.813 	  0.363 
1248446912.359 	  18 	  3.977 	  0.380 
1248446912.359 	   5 	  1.855 	  0.466 
1248446912.600 	  14 	  2.754 	 -0.169 
1248446912.600 	  81 	  6.473 	 -0.024 
1248446912.600 	   7 	  6.473 	  0.009 
1248446912.600 	  70 	  5.933 	  0.335 
1248446912.600 	  45 	  5.813 	  0.354 
1248446912.600 	  18 	  3.984 	  0.370 
1248446912.600 	   5 	  1.812 	  0.467 
1248446912.837 	  45 	  5.813 	  0.348 
1248446912.837 	   5 	  1.806 	  0.461 
1248446913.301 	  18 	  3.973 	  0.373 
1248446913.769 	   5 	  1.690 	  0.458 
1248446914.003 	   7 	  6.436 	 -0.010 
1248446914.003 	   5 	  1.670 	  0.443 
1248446914.470 	   5 	  1.601 	  0.463 
1248446914.704 	   7 	  6.329 	 -0.010 
1248446914.704 	  45 	  5.697 	  0.343 
1248446914.937 	   5 	  1.553 	  0.448 
1248446915.172 	  81 	  6.329 	 -0.053 
1248446915.172 	   7 	  6.329 	 -0.028 
1248446915.410 	   7 	  6.329 	 -0.034 
1248446915.886 	   5 	  1.457 	  0.408 
1248446916.135 	   5 	  1.444 	  0.399 
1248446916.597 	   5 	  1.419 	  0.358 
1248446918.222 	  54 	  3.817 	 -0.121 
1248446932.103 	  16 	  2.580 	  0.567 
1248446932.338 	  36 	  2.608 	  0.561 
1248446932.573 	  36 	  2.709 	  0.474 
1248446932.811 	  36 	  2.773 	  0.391 
1248446933.739 	   9 	  2.784 	  0.205 
1248446933.739 	  36 	  2.767 	  0.338 
1248446933.972 	   9 	  2.765 	  0.193 
1248446933.972 	  16 	  2.781 	  0.261 
1248446933.972 	  36 	  2.758 	  0.329 
1248446934.209 	  16 	  2.780 	  0.262 
1248446934.209 	  36 	  2.780 	  0.326 
1248446934.923 	   9 	  2.736 	  0.191 
1248446934.923 	  16 	  2.758 	  0.254 
1248446934.923 	  36 	  2.735 	  0.323 
1248446935.175 	   9 	  2.736 	  0.196 
1248446935.176 	  16 	  2.755 	  0.254 
1248446935.176 	  36 	  2.736 	  0.323 
1248446935.665 	  16 	  2.780 	  0.244 
1248446935.665 	  36 	  2.730 	  0.324 
1248446935.908 	   9 	  2.721 	  0.215 
1248446935.908 	  16 	  2.727 	  0.273 
1248446935.908 	  36 	  2.690 	  0.342 
1248446936.165 	   9 	  2.693 	  0.222 
1248446936.165 	  16 	  2.709 	  0.278 
1248446936.165 	  36 	  2.681 	  0.350 
1248446936.404 	   9 	  2.685 	  0.219 
1248446936.405 	  16 	  2.686 	  0.285 
1248446936.405 	  36 	  2.664 	  0.353 
1248446936.888 	  16 	  2.656 	  0.296 
1248446936.889 	  36 	  2.636 	  0.369 
1248446937.128 	   9 	  2.634 	  0.252 
1248446937.128 	  16 	  2.628 	  0.310 
1248446937.128 	  36 	  2.589 	  0.373 
1248446937.588 	   9 	  2.613 	  0.237 
1248446937.589 	  16 	  2.626 	  0.305 
1248446937.589 	  36 	  2.597 	  0.376 
1248446938.049 	  36 	  2.585 	  0.370 
1248446938.508 	  36 	  2.566 	  0.362 
1248446938.739 	  36 	  2.574 	  0.359 
1248446938.971 	  36 	  2.574 	  0.359 
1248446939.205 	  36 	  2.576 	  0.359 
1248446939.439 	  36 	  2.565 	  0.359 
1248446939.671 	  36 	  2.575 	  0.359 
1248446939.901 	  36 	  2.552 	  0.373 
1248446941.058 	  36 	  2.483 	  0.413 
1248446941.752 	  36 	  2.456 	  0.425 
1248446941.982 	  16 	  2.463 	  0.345 
1248446942.672 	  36 	  2.446 	  0.409 
1248446942.909 	  16 	  2.467 	  0.341 
1248446942.909 	  36 	  2.437 	  0.415 
1248446943.145 	   9 	  2.443 	  0.291 
1248446943.146 	  16 	  2.433 	  0.356 
1248446943.146 	  36 	  2.407 	  0.428 
1248446943.381 	   9 	  2.431 	  0.285 
1248446943.382 	  16 	  2.437 	  0.357 
1248446943.382 	  36 	  2.397 	  0.432 
1248446943.845 	  16 	  2.391 	  0.368 
1248446944.080 	   9 	  2.368 	  0.313 
1248446944.080 	  16 	  2.376 	  0.377 
1248446944.081 	  36 	  2.336 	  0.453 
1248446944.778 	  36 	  2.317 	  0.456 
1248446945.012 	  16 	  2.356 	  0.379 
1248446945.012 	  36 	  2.317 	  0.456 
1248446945.244 	  36 	  2.315 	  0.456 
1248446945.483 	  36 	  2.324 	  0.456 
1248446945.714 	  36 	  2.319 	  0.455 
1248446945.953 	  16 	  2.346 	  0.383 
1248446945.953 	  36 	  2.317 	  0.459 
1248446947.140 	   9 	  2.263 	  0.325 
1248446947.140 	  16 	  2.251 	  0.395 
1248446947.603 	  16 	  2.269 	  0.391 
1248446947.839 	  36 	  2.238 	  0.467 
1248446948.070 	  16 	  2.257 	  0.388 
1248446948.070 	  36 	  2.218 	  0.468 
1248446948.304 	  36 	  2.225 	  0.474 
1248446948.767 	  36 	  2.185 	  0.488 
1248446948.999 	  36 	  2.142 	  0.510 
1248446949.922 	  36 	  2.128 	  0.512 
1248446950.155 	  36 	  2.134 	  0.512 
1248446950.393 	   9 	  2.171 	  0.353 
1248446950.393 	  16 	  2.166 	  0.432 
1248446950.393 	  36 	  2.132 	  0.512 
1248446950.642 	   9 	  2.172 	  0.355 
1248446950.642 	  16 	  2.169 	  0.432 
1248446950.642 	  36 	  2.131 	  0.512 
1248446950.879 	  36 	  2.131 	  0.514 
1248446951.145 	  36 	  2.093 	  0.530 
1248446951.391 	  36 	  2.103 	  0.527 
1248446951.623 	  36 	  2.077 	  0.538 
1248446951.855 	  36 	  2.044 	  0.553 
1248446953.033 	   9 	  2.040 	  0.399 
1248446953.033 	  16 	  2.035 	  0.479 
1248446953.033 	  36 	  1.992 	  0.558 
1248446953.503 	  36 	  1.986 	  0.567 
1248446953.793 	  16 	  1.994 	  0.501 
1248446954.071 	  16 	  1.969 	  0.510 
1248446954.305 	   9 	  1.956 	  0.441 
1248446954.305 	  16 	  1.953 	  0.515 
1248446954.541 	   9 	  1.959 	  0.435 
1248446954.542 	  16 	  1.954 	  0.519 
1248446955.011 	   9 	  1.894 	  0.478 
1248446955.011 	  16 	  1.885 	  0.554 
1248446955.245 	   9 	  1.876 	  0.472 
1248446955.245 	  16 	  1.864 	  0.552 
1248446955.947 	   9 	  1.874 	  0.475 
1248446955.947 	  16 	  1.862 	  0.553 
1248446956.422 	   9 	  1.857 	  0.481 
1248446956.422 	  16 	  1.843 	  0.560 
1248446956.661 	   9 	  1.852 	  0.483 
1248446956.661 	  16 	  1.845 	  0.558 
1248446956.894 	  16 	  1.826 	  0.566 
1248446957.600 	   9 	  1.843 	  0.433 
1248446957.600 	  16 	  1.836 	  0.518 
1248446957.830 	  36 	  1.848 	  0.565 
1248446958.060 	  16 	  1.927 	  0.381 
1248446958.060 	  36 	  1.915 	  0.470 
1248446958.540 	  36 	  1.934 	  0.435 
1248446958.773 	  36 	  1.937 	  0.435 
1248446959.001 	  36 	  1.979 	  0.371 
1248446959.721 	   9 	  1.946 	  0.115 
1248446959.721 	  16 	  2.005 	  0.202 
1248446959.721 	  36 	  2.013 	  0.293 
1248446959.953 	   9 	  1.959 	  0.132 
1248446959.953 	  16 	  2.004 	  0.202 
1248446959.953 	  36 	  2.020 	  0.293 
1248446960.186 	  16 	  2.011 	  0.177 
1248446960.411 	  16 	  2.013 	  0.109 
1248446960.411 	  36 	  2.038 	  0.200 
1248446961.328 	  25 	  2.851 	  0.545 
1248446961.558 	  72 	  2.901 	  0.486 
1248446961.796 	  25 	  2.856 	  0.544 
1248446962.023 	  25 	  2.856 	  0.544 
1248446962.249 	  25 	  2.915 	  0.494 
1248446962.473 	  25 	  3.003 	  0.423 
1248446962.703 	  72 	  3.096 	  0.244 
1248446962.703 	  25 	  3.129 	  0.302 
1248446962.935 	  72 	  3.129 	  0.159 
1248446962.935 	  25 	  3.162 	  0.215 
1248446963.614 	  25 	  3.196 	  0.046 
1248446964.059 	  61 	  1.593 	  0.448 
1248446970.511 	   5 	  4.217 	  0.389 
1248446970.740 	   7 	  6.191 	  0.537 
1248446970.970 	  23 	  5.277 	  0.473 
1248446971.200 	  63 	  6.329 	  0.494 
1248446971.200 	   7 	  6.191 	  0.542 
1248446971.439 	  23 	  5.277 	  0.475 
1248446971.439 	   7 	  6.329 	  0.536 
1248446971.687 	  81 	  6.329 	  0.511 
1248446971.687 	   7 	  6.329 	  0.536 
1248446972.147 	   5 	  4.172 	  0.308 
1248446972.147 	  23 	  5.479 	  0.416 
1248446972.609 	  23 	  5.479 	  0.409 
1248446972.609 	  14 	  3.973 	  0.508 
1248446972.842 	   5 	  4.142 	  0.288 
1248446972.842 	  23 	  5.479 	  0.411 
1248446972.842 	  81 	  6.624 	  0.445 
1248446973.150 	   7 	  6.473 	  0.465 
1248446973.150 	  14 	  3.973 	  0.503 
1248446973.379 	  63 	  6.473 	  0.422 
1248446973.615 	  14 	  3.919 	  0.503 
1248446973.857 	   5 	  4.142 	  0.275 
1248446973.858 	  23 	  5.376 	  0.416 
1248446973.858 	   7 	  6.473 	  0.467 
1248446973.858 	  14 	  3.868 	  0.507 
1248446974.086 	   5 	  4.084 	  0.273 
1248446974.086 	   7 	  6.473 	  0.470 
1248446974.315 	  23 	  5.479 	  0.417 
1248446974.315 	  14 	  3.902 	  0.500 
1248446974.781 	  14 	  3.817 	  0.507 
1248446975.015 	  23 	  5.376 	  0.423 
1248446975.246 	   7 	  6.329 	  0.468 
1248446975.246 	  14 	  3.720 	  0.509 
1248446975.494 	   5 	  3.937 	  0.265 
1248446975.494 	  23 	  5.376 	  0.432 
1248446975.494 	  14 	  3.768 	  0.514 
1248446975.721 	   5 	  3.933 	  0.258 
1248446975.721 	  14 	  3.674 	  0.513 
1248446975.951 	   5 	  3.919 	  0.260 
1248446975.951 	  63 	  6.329 	  0.429 
1248446975.951 	  14 	  3.674 	  0.518 
1248446976.422 	  14 	  3.628 	  0.524 
1248446976.651 	  14 	  3.584 	  0.523 
1248446976.879 	   7 	  6.329 	  0.485 
1248446976.879 	  14 	  3.584 	  0.527 
1248446977.108 	  14 	  3.503 	  0.526 
1248446977.580 	  14 	  3.506 	  0.526 
1248446977.817 	   5 	  3.720 	  0.244 
1248446977.817 	  23 	  5.182 	  0.452 
1248446977.817 	  14 	  3.483 	  0.528 
1248446978.048 	   5 	  3.720 	  0.237 
1248446978.048 	  14 	  3.466 	  0.523 
1248446978.304 	  14 	  3.428 	  0.522 
1248446978.758 	   5 	  3.674 	  0.230 
1248446978.988 	  14 	  3.359 	  0.529 
1248446979.474 	   5 	  3.584 	  0.219 
1248446979.474 	  63 	  6.191 	  0.429 
1248446979.474 	  23 	  5.236 	  0.458 
1248446979.474 	  14 	  3.324 	  0.525 
1248446979.705 	   5 	  3.584 	  0.215 
1248446979.705 	   7 	  6.191 	  0.474 
1248446979.705 	  14 	  3.309 	  0.524 
1248446979.937 	   5 	  3.584 	  0.212 
1248446979.937 	  81 	  6.329 	  0.450 
1248446979.937 	  23 	  5.245 	  0.456 
1248446979.937 	   7 	  6.259 	  0.476 
1248446979.937 	  14 	  3.303 	  0.525 
1248446980.242 	   5 	  3.560 	  0.209 
1248446980.242 	  23 	  5.182 	  0.461 
1248446980.242 	  14 	  3.303 	  0.521 
1248446980.471 	  23 	  5.277 	  0.461 
1248446980.471 	  14 	  3.271 	  0.524 
1248446980.705 	  14 	  3.267 	  0.522 
1248446980.958 	  14 	  3.231 	  0.524 
1248446981.188 	  14 	  3.196 	  0.525 
1248446982.772 	   5 	  3.065 	  0.495 
1248446982.999 	   5 	  3.061 	  0.490 
1248446983.272 	   5 	  3.037 	  0.487 
1248446983.499 	   5 	  3.040 	  0.482 
1248446983.728 	   5 	  3.033 	  0.480 
1248446983.961 	   5 	  3.003 	  0.476 
1248446984.414 	   5 	  2.976 	  0.471 
1248446984.654 	   5 	  3.003 	  0.467 
1248446984.881 	   5 	  2.999 	  0.463 
1248446985.107 	   5 	  2.973 	  0.459 
1248446985.332 	   5 	  2.962 	  0.456 
1248446985.558 	   5 	  2.946 	  0.453 
1248446985.784 	   5 	  2.946 	  0.450 
1248446986.012 	   5 	  2.944 	  0.444 
1248446986.684 	   5 	  2.944 	  0.423 
1248446987.138 	   5 	  2.887 	  0.403 
1248446987.594 	   5 	  2.868 	  0.389 
1248446987.824 	   5 	  2.848 	  0.384 
1248446988.057 	   5 	  2.862 	  0.382 
1248446988.290 	   5 	  2.857 	  0.378 
1248446988.517 	   5 	  2.846 	  0.372 
1248446988.985 	   5 	  2.811 	  0.352 
1248446989.663 	   5 	  2.754 	  0.320 
1248446990.130 	   5 	  2.709 	  0.298 
1248446990.358 	   5 	  2.705 	  0.283 
1248446990.590 	   5 	  2.683 	  0.276 
1248446990.818 	   5 	  2.650 	  0.266 
1248446991.044 	   5 	  2.634 	  0.259 
1248446991.271 	   5 	  2.617 	  0.246 
1248446991.742 	   5 	  2.613 	  0.237 
1248446991.975 	   5 	  2.597 	  0.219 
1248446994.030 	  14 	  2.443 	  0.148 
1248446994.030 	  18 	  3.973 	  0.394 
1248446994.030 	  54 	  3.817 	  0.464 
1248446995.175 	  54 	  4.028 	  0.234 
1248446995.635 	  27 	  4.393 	  0.146 
1248446995.866 	  18 	  4.212 	  0.111 
1248446995.866 	  54 	  4.084 	  0.182 
1248446996.097 	  45 	  6.060 	  0.096 
1248446996.097 	  54 	  4.040 	  0.183 
1248446996.327 	  18 	  4.170 	  0.111 
1248446996.327 	  54 	  4.071 	  0.183 
1248446996.559 	  27 	  4.345 	  0.150 
1248446996.559 	  54 	  4.070 	  0.183 
1248446996.798 	  27 	  4.327 	  0.152 
1248446996.798 	  54 	  4.084 	  0.181 
1248446997.029 	  18 	  4.202 	  0.096 
1248446997.714 	  18 	  4.162 	 -0.053 
1248446997.714 	  54 	  4.142 	  0.018 
1248446997.943 	  54 	  4.142 	 -0.062 
1248447042.628 	   9 	  2.918 	  0.564 
1248447042.858 	  36 	  3.038 	  0.547 
1248447043.323 	  36 	  3.231 	  0.384 
1248447043.803 	  16 	  3.303 	  0.248 
1248447044.046 	  36 	  3.379 	  0.179 
1248447044.499 	  36 	  3.418 	  0.020 
1248447044.723 	  36 	  3.418 	 -0.071 
1248447044.947 	  61 	  2.286 	  0.567 
1248447045.170 	  61 	  2.312 	  0.542 
1248447045.848 	  25 	  4.202 	  0.315 
1248447045.848 	  90 	  2.463 	  0.558 
1248447046.075 	  25 	  4.239 	  0.317 
1248447046.075 	  90 	  2.463 	  0.556 
1248447046.303 	  25 	  4.214 	  0.306 
1248447046.303 	  90 	  2.463 	  0.558 
1248447046.529 	  72 	  4.213 	  0.270 
1248447046.529 	  90 	  2.463 	  0.555 
1248447046.756 	  25 	  4.202 	  0.306 
1248447046.756 	  90 	  2.443 	  0.557 
1248447046.983 	  25 	  4.202 	  0.306 
1248447046.983 	  61 	  2.335 	  0.524 
1248447047.210 	  72 	  4.216 	  0.270 
1248447047.210 	  90 	  2.463 	  0.557 
1248447047.437 	  72 	  4.226 	  0.270 
1248447047.437 	  90 	  2.463 	  0.556 
1248447047.664 	  25 	  4.237 	  0.318 
1248447047.664 	  90 	  2.468 	  0.556 
1248447047.894 	  25 	  4.220 	  0.314 
1248447047.894 	  90 	  2.468 	  0.556 
1248447048.122 	  25 	  4.202 	  0.312 
1248447048.122 	  90 	  2.463 	  0.555 
1248447048.361 	  36 	  3.309 	 -0.157 
1248447048.362 	  72 	  4.213 	  0.270 
1248447048.362 	  25 	  4.202 	  0.312 
1248447048.362 	  61 	  2.336 	  0.523 
1248447048.362 	  90 	  2.467 	  0.556 
1248447048.608 	  36 	  3.307 	 -0.158 
1248447048.608 	  72 	  4.227 	  0.270 
1248447048.608 	  25 	  4.202 	  0.312 
1248447048.608 	  61 	  2.335 	  0.524 
1248447048.608 	  90 	  2.463 	  0.558 
1248447048.847 	  36 	  3.310 	 -0.157 
1248447048.847 	  72 	  4.218 	  0.270 
1248447048.848 	  25 	  4.214 	  0.314 
1248447048.848 	  61 	  2.333 	  0.524 
1248447048.848 	  90 	  2.463 	  0.556 
1248447049.100 	  36 	  3.307 	 -0.158 
1248447049.100 	  72 	  4.225 	  0.271 
1248447049.100 	  25 	  4.202 	  0.313 
1248447049.100 	  61 	  2.335 	  0.524 
1248447049.100 	  90 	  2.470 	  0.558 
1248447049.341 	  36 	  3.310 	 -0.157 
1248447049.341 	  72 	  4.218 	  0.270 
1248447049.341 	  25 	  4.202 	  0.312 
1248447049.341 	  61 	  2.335 	  0.524 
1248447049.341 	  90 	  2.467 	  0.556 
1248447049.590 	  36 	  3.309 	 -0.157 
1248447049.590 	  72 	  4.222 	  0.270 
1248447049.590 	  25 	  4.202 	  0.305 
1248447049.591 	  61 	  2.333 	  0.524 
1248447049.823 	  25 	  4.202 	  0.313 
1248447049.823 	  90 	  2.467 	  0.556 
1248447050.050 	  25 	  4.202 	  0.312 
1248447050.050 	  90 	  2.463 	  0.557 
1248447050.276 	  25 	  4.202 	  0.312 
1248447050.276 	  90 	  2.463 	  0.557 
1248447050.503 	  25 	  4.202 	  0.312 
1248447050.503 	  90 	  2.468 	  0.557 
1248447050.730 	  90 	  2.483 	  0.558 
1248447050.730 	   5 	  3.129 	  0.572 
1248447050.956 	   5 	  3.129 	  0.570 
1248447051.188 	  25 	  4.202 	  0.312 
1248447051.188 	   5 	  3.121 	  0.569 
1248447051.422 	  25 	  4.202 	  0.312 
1248447051.423 	   5 	  3.125 	  0.569 
1248447051.655 	  61 	  2.374 	  0.486 
1248447051.655 	   5 	  3.162 	  0.538 
1248447051.888 	  61 	  2.358 	  0.497 
1248447052.353 	  72 	  4.174 	  0.289 
1248447052.353 	  61 	  2.287 	  0.536 
1248447053.283 	  36 	  3.231 	 -0.109 
1248447053.284 	  25 	  4.028 	  0.377 
1248447054.035 	  16 	  3.096 	 -0.154 
1248447054.036 	  36 	  3.173 	 -0.094 
1248447054.036 	  72 	  3.991 	  0.351 
1248447054.036 	  25 	  3.973 	  0.397 
1248447054.526 	  72 	  3.973 	  0.347 
1248447054.757 	  36 	  3.114 	 -0.085 
1248447055.921 	  72 	  3.823 	  0.391 
1248447055.921 	  25 	  3.768 	  0.439 
1248447056.148 	  72 	  3.817 	  0.376 
1248447056.846 	  25 	  3.707 	  0.456 
1248447057.079 	  72 	  3.720 	  0.416 
1248447057.079 	  25 	  3.643 	  0.465 
1248447057.314 	  16 	  2.868 	 -0.127 
1248447057.314 	  25 	  3.647 	  0.462 
1248447058.014 	  72 	  3.653 	  0.426 
1248447058.014 	  25 	  3.567 	  0.479 
1248447058.248 	  72 	  3.633 	  0.426 
1248447058.248 	  25 	  3.584 	  0.475 
1248447058.481 	  72 	  3.592 	  0.431 
1248447058.481 	  25 	  3.541 	  0.482 
1248447058.946 	  72 	  3.541 	  0.444 
1248447059.887 	  72 	  3.450 	  0.475 
1248447060.113 	  72 	  3.430 	  0.475 
1248447060.113 	  25 	  3.379 	  0.523 
1248447060.346 	  72 	  3.412 	  0.482 
1248447060.346 	  25 	  3.340 	  0.530 
1248447060.579 	  72 	  3.418 	  0.492 
1248447061.045 	  25 	  3.267 	  0.561 
1248447061.271 	  72 	  3.303 	  0.504 
1248447061.728 	  36 	  2.625 	  0.009 
1248447061.965 	  72 	  3.231 	  0.535 
1248447062.437 	  72 	  3.188 	  0.546 
1248447062.673 	  72 	  3.177 	  0.544 
1248447063.377 	  72 	  3.105 	  0.566 
1248447063.605 	  72 	  3.096 	  0.571 
1248447064.075 	  72 	  3.080 	  0.567 
1248447064.312 	  72 	  3.041 	  0.568 
1248447065.247 	  16 	  2.320 	 -0.003 
1248447066.191 	  36 	  2.288 	  0.082 
1248447067.374 	  36 	  2.198 	  0.130 
1248447068.562 	  36 	  2.106 	  0.147 
1248447069.507 	  36 	  2.053 	  0.155 
1248447069.743 	  36 	  2.016 	  0.186 
1248447069.980 	  36 	  1.991 	  0.186 
1248447070.927 	  16 	  1.895 	  0.114 
1248447070.927 	  36 	  1.926 	  0.211 
1248447071.160 	  16 	  1.881 	  0.149 
1248447071.623 	  36 	  1.869 	  0.238 
1248447071.854 	  36 	  1.838 	  0.252 
1248447072.313 	  36 	  1.848 	  0.124 
1248447072.544 	  36 	  1.848 	 -0.007 
1248447073.005 	  72 	  2.832 	  0.452 
1248447073.239 	  25 	  2.705 	  0.557 
1248447073.471 	  72 	  2.621 	  0.569 
1248447073.973 	  36 	  1.768 	  0.042 
1248447074.207 	  36 	  1.739 	  0.102 
1248447074.442 	  36 	  1.733 	  0.146 
1248447074.672 	  36 	  1.713 	  0.193 
1248447075.131 	  36 	  1.664 	  0.227 
1248447075.369 	  36 	  1.651 	  0.229 
1248447075.607 	  36 	  1.651 	  0.234 
1248447075.844 	  36 	  1.648 	  0.235 
1248447076.553 	  36 	  1.600 	  0.237 
1248447076.789 	  36 	  1.587 	  0.239 
1248447078.451 	  16 	  1.434 	  0.130 
1248447078.451 	  36 	  1.472 	  0.252 
1248447078.693 	  36 	  1.454 	  0.244 
1248447078.937 	  36 	  1.438 	  0.261 
1248447079.671 	  36 	  1.389 	  0.265 
1248447080.711 	  36 	  1.334 	  0.278 
1248447081.681 	  36 	  1.334 	  0.149 
