Pose2d_Node 0 (0, 0, 0)
Pose2d_Node 1 (0.25774, -1.50144e-33, 0.077109)
Pose2d_Node 9 (0.528128, 0.0209034, 0.169462)
Pose2d_Node 10 (0.765071, 0.0620416, 0.220739)
Pose2d_Node 11 (0.99498, 0.110486, 0.322075)
Pose2d_Node 13 (1.23729, 0.188247, 0.356628)
Pose2d_Node 14 (1.48549, 0.286106, 0.43516)
Pose2d_Node 15 (1.71201, 0.398086, 0.535275)
Pose2d_Node 16 (1.9096, 0.511233, 0.581241)
Pose2d_Node 17 (2.124, 0.648114, 0.686596)
Pose2d_Node 18 (2.32171, 0.816266, 0.761309)
Pose2d_Node 20 (2.5098, 0.999233, 0.831696)
Pose2d_Node 21 (2.64139, 1.15295, 0.907121)
Pose2d_Node 22 (2.81801, 1.36717, 0.98802)
Pose2d_Node 23 (2.95941, 1.56644, 1.05703)
Pose2d_Node 24 (3.08254, 1.78771, 1.10854)
Pose2d_Node 26 (3.21788, 2.05235, 1.19216)
Pose2d_Node 27 (3.32624, 2.3106, 1.27139)
Pose2d_Node 28 (3.3828, 2.51093, 1.35221)
Pose2d_Node 29 (3.43691, 2.7512, 1.41903)
Pose2d_Node 30 (3.47972, 3.00284, 1.47071)
Pose2d_Node 31 (3.48933, 3.26808, 1.56893)
Pose2d_Node 33 (3.48268, 3.47785, 1.6538)
Pose2d_Node 34 (3.45305, 3.73119, 1.71132)
Pose2d_Node 35 (3.41708, 3.95284, 1.8242)
Pose2d_Node 36 (3.35683, 4.19542, 1.8412)
Pose2d_Node 37 (3.28259, 4.43526, 1.95037)
Pose2d_Node 38 (3.18205, 4.65812, 2.01634)
Pose2d_Node 40 (3.06848, 4.89646, 2.09775)
Pose2d_Node 41 (2.95256, 5.10318, 2.16508)
Pose2d_Node 42 (2.81086, 5.30451, 2.25552)
Pose2d_Node 43 (2.64066, 5.51794, 2.31154)
Pose2d_Node 44 (2.46467, 5.7122, 2.41331)
Pose2d_Node 46 (2.26822, 5.88822, 2.48207)
Pose2d_Node 47 (2.06478, 6.05668, 2.55716)
Pose2d_Node 48 (1.87248, 6.19071, 2.61242)
Pose2d_Node 49 (1.68619, 6.30059, 2.70154)
Pose2d_Node 50 (1.48744, 6.39607, 2.76636)
Pose2d_Node 51 (1.25499, 6.49175, 2.85061)
Pose2d_Node 53 (0.983314, 6.56586, 2.93225)
Pose2d_Node 54 (0.76245, 6.62182, 3.00719)
Pose2d_Node 55 (0.524605, 6.66074, 3.06095)
Pose2d_Node 56 (0.265228, 6.6701, -3.13581)
Pose2d_Node 57 (-0.00286033, 6.65612, -3.05355)
Pose2d_Node 59 (-0.259157, 6.63849, -2.96505)
Pose2d_Node 60 (-0.544375, 6.59202, -2.8696)
Pose2d_Node 61 (-0.786508, 6.52502, -2.81882)
Pose2d_Node 62 (-1.01464, 6.44583, -2.7526)
Pose2d_Node 63 (-1.23348, 6.35075, -2.66201)
Pose2d_Node 64 (-1.36217, 6.34758, -2.6023)
Pose2d_Node 65 (-1.58201, 6.21174, -2.53022)
Pose2d_Node 66 (-1.79077, 6.0614, -2.45903)
Pose2d_Node 67 (-1.97008, 5.91569, -2.39177)
Pose2d_Node 68 (-2.1543, 5.74374, -2.31682)
Pose2d_Node 69 (-2.3481, 5.52976, -2.24183)
Pose2d_Node 70 (-2.51293, 5.30013, -2.17756)
Pose2d_Node 71 (-2.66718, 5.07552, -2.07703)
Pose2d_Node 72 (-2.79311, 4.85349, -2.00695)
Pose2d_Node 73 (-2.90448, 4.62832, -1.93617)
Pose2d_Node 74 (-2.9835, 4.42495, -1.86011)
Pose2d_Node 75 (-3.07046, 4.18111, -1.79154)
Pose2d_Node 76 (-3.13321, 3.91286, -1.69861)
Pose2d_Node 77 (-3.16826, 3.638, -1.6345)
Pose2d_Node 78 (-3.17789, 3.45874, -1.55387)
Pose2d_Node 79 (-3.17817, 3.22762, -1.47118)
Pose2d_Node 80 (-3.15457, 2.96842, -1.38343)
Pose2d_Node 81 (-3.1108, 2.70059, -1.31869)
Pose2d_Node 82 (-3.04484, 2.45528, -1.28992)
Pose2d_Node 83 (-2.97107, 2.21188, -1.20108)
Pose2d_Node 84 (-2.87737, 1.9791, -1.10118)
Pose2d_Node 85 (-2.75399, 1.74881, -1.02934)
Pose2d_Node 86 (-2.63643, 1.5412, -0.974867)
Pose2d_Node 87 (-2.49481, 1.32637, -0.898858)
Pose2d_Node 88 (-2.33517, 1.13115, -0.809829)
Pose2d_Node 89 (-2.15793, 0.948048, -0.735269)
Pose2d_Node 90 (-1.98637, 0.798758, -0.643365)
Pose2d_Node 91 (-1.80004, 0.655141, -0.568349)
Pose2d_Node 92 (-1.58557, 0.516397, -0.506121)
Pose2d_Node 93 (-1.3758, 0.398626, -0.439369)
Pose2d_Node 94 (-1.12393, 0.278283, -0.355784)
Pose2d_Node 95 (-0.918698, 0.21296, -0.292966)
Pose2d_Node 96 (-0.682539, 0.141521, -0.197902)
Pose2d_Node 97 (-0.457023, 0.093821, -0.147016)
Pose2d_Node 98 (-0.151893, 0.0420407, -0.0590014)
Pose2d_Node 99 (0.0924643, 0.0261051, 0.0233577)
Pose2d_Node 100 (0.320491, 0.0336416, 0.0788315)
Pose2d_Node 101 (0.573196, 0.0558538, 0.141055)
Pose2d_Node 102 (0.876166, 0.0983561, 0.24041)
Pose2d_Node 103 (1.08212, 0.149242, 0.314004)
Pose2d_Node 104 (1.31508, 0.228015, 0.403738)
Pose2d_Node 105 (1.53119, 0.322035, 0.482732)
Pose2d_Node 106 (1.7373, 0.438453, 0.53934)
Pose2d_Node 107 (1.96363, 0.575085, 0.623683)
Pose2d_Node 108 (2.15327, 0.715632, 0.69612)
Pose2d_Node 109 (2.35579, 0.886705, 0.748099)
Pose2d_Node 110 (2.56505, 1.07268, 0.828399)
Pose2d_Node 111 (2.73893, 1.25873, 0.933009)
Pose2d_Node 112 (2.88403, 1.44602, 0.999149)
Pose2d_Node 113 (3.0135, 1.63803, 1.06709)
Pose2d_Node 114 (3.13319, 1.8548, 1.13784)
Pose2d_Node 115 (3.23784, 2.07296, 1.20768)
Pose2d_Node 116 (3.33666, 2.33454, 1.29408)
Pose2d_Node 117 (3.3898, 2.52907, 1.35387)
Pose2d_Node 118 (3.44625, 2.79381, 1.42386)
Pose2d_Node 119 (3.48976, 3.07568, 1.53259)
Pose2d_Node 120 (3.50652, 3.32561, 1.5816)
Pose2d_Node 121 (3.50462, 3.55742, 1.65081)
Pose2d_Node 122 (3.49155, 3.80888, 1.74816)
Pose2d_Node 123 (3.45012, 4.05609, 1.82945)
Pose2d_Node 124 (3.40057, 4.26101, 1.90041)
Pose2d_Node 125 (3.30746, 4.54887, 1.9519)
Pose2d_Node 126 (3.22429, 4.74193, 2.03125)
Pose2d_Node 127 (3.10001, 4.96244, 2.11775)
Pose2d_Node 128 (2.96914, 5.18095, 2.20237)
Pose2d_Node 129 (2.82579, 5.37882, 2.25026)
Pose2d_Node 130 (2.67979, 5.57265, 2.32396)
Pose2d_Node 131 (2.50804, 5.75883, 2.41132)
Pose2d_Node 132 (2.30268, 5.93404, 2.51541)
Pose2d_Node 133 (2.10741, 6.07124, 2.56414)
Pose2d_Node 134 (1.87834, 6.22081, 2.64336)
Pose2d_Node 135 (1.67573, 6.3321, 2.71287)
Pose2d_Node 136 (1.43821, 6.44314, 2.78059)
Pose2d_Node 137 (1.18833, 6.54223, 2.83718)
Pose2d_Node 138 (0.954115, 6.61378, 2.95707)
Pose2d_Node 139 (0.68998, 6.66041, 3.0033)
Pose2d_Node 140 (0.432128, 6.69746, 3.08879)
Pose2d_Node 141 (0.214366, 6.70565, -3.13898)
Pose2d_Node 142 (-0.00480955, 6.70123, -3.0621)
Pose2d_Node 143 (-0.266777, 6.68215, -2.96235)
Pose2d_Node 144 (-0.535453, 6.6373, -2.87648)
Pose2d_Node 145 (-0.753971, 6.58266, -2.81218)
Pose2d_Node 146 (-1.0079, 6.49736, -2.74935)
Pose2d_Node 147 (-1.25325, 6.3923, -2.70638)
Pose2d_Node 148 (-1.49025, 6.28604, -2.60738)
Pose2d_Node 149 (-1.70721, 6.16001, -2.53379)
Pose2d_Node 150 (-1.91789, 6.01629, -2.43635)
Pose2d_Node 151 (-2.09076, 5.85848, -2.35634)
Pose2d_Node 152 (-2.26139, 5.68638, -2.28266)
Pose2d_Node 153 (-2.42491, 5.50622, -2.23918)
Pose2d_Node 154 (-2.57357, 5.31131, -2.12467)
Pose2d_Node 155 (-2.72234, 5.08527, -2.06214)
Pose2d_Node 156 (-2.85636, 4.83396, -1.96797)
Pose2d_Node 157 (-2.96246, 4.601, -1.92191)
Pose2d_Node 158 (-3.04897, 4.3636, -1.85403)
Pose2d_Node 159 (-3.11153, 4.12663, -1.781)
Pose2d_Node 160 (-3.16363, 3.88714, -1.71298)
Pose2d_Node 161 (-3.19332, 3.65638, -1.6484)
Pose2d_Node 162 (-3.21381, 3.4116, -1.5632)
Pose2d_Node 163 (-3.20985, 3.14775, -1.44434)
Pose2d_Node 164 (-3.17579, 2.92908, -1.39218)
Pose2d_Node 165 (-3.12785, 2.65842, -1.32543)
Pose2d_Node 166 (-3.06179, 2.40518, -1.25387)
Pose2d_Node 167 (-2.98932, 2.17307, -1.14874)
Pose2d_Node 168 (-2.89162, 1.94888, -1.08696)
Pose2d_Node 169 (-2.77823, 1.73209, -1.02047)
Pose2d_Node 170 (-2.64002, 1.51089, -0.931943)
Pose2d_Node 171 (-2.49378, 1.31555, -0.877226)
Pose2d_Node 172 (-2.30906, 1.09603, -0.810085)
Pose2d_Node 173 (-2.14154, 0.914467, -0.707866)
Pose2d_Node 174 (-1.94918, 0.750654, -0.630023)
Pose2d_Node 175 (-1.7176, 0.582525, -0.559788)
Pose2d_Node 176 (-1.50545, 0.439334, -0.48525)
Pose2d_Node 177 (-1.26792, 0.312482, -0.405211)
Pose2d_Node 178 (-1.06411, 0.228039, -0.331651)
Pose2d_Node 179 (-0.8325, 0.159202, -0.26346)
Pose2d_Node 180 (-0.622723, 0.100138, -0.199924)
Pose2d_Node 181 (-0.336935, 0.0475202, -0.128514)
Pose2d_Node 182 (-0.102154, 0.0135374, -0.0410638)
Pose2d_Node 183 (0.147454, 0.00720882, 0.0166602)
Pose2d_Node 184 (0.381909, 0.0126815, 0.0968887)
Pose2d_Node 185 (0.608553, 0.0323503, 0.182566)
Pose2d_Node 186 (0.860972, 0.0865811, 0.279738)
Pose2d_Node 187 (1.08815, 0.156437, 0.353271)
Pose2d_Node 188 (1.36473, 0.258778, 0.436528)
Pose2d_Node 189 (1.5964, 0.364126, 0.492161)
Pose2d_Node 190 (1.80088, 0.479361, 0.568065)
Pose2d_Node 191 (2.00868, 0.616693, 0.642961)
Pose2d_Node 192 (2.21427, 0.761232, 0.722064)
Pose2d_Node 193 (2.40778, 0.934156, 0.787621)
Pose2d_Node 194 (2.57178, 1.09795, 0.852338)
Pose2d_Node 195 (2.74345, 1.29894, 0.927743)
Pose2d_Node 196 (2.88377, 1.49197, 0.992891)
Pose2d_Node 197 (3.01553, 1.68762, 1.09032)
Pose2d_Node 198 (3.11795, 1.89211, 1.14812)
Pose2d_Node 199 (3.23407, 2.13694, 1.22323)
Pose2d_Node 200 (3.30477, 2.33888, 1.32012)
Pose2d_Node 201 (3.36948, 2.58547, 1.38943)
Pose2d_Node 202 (3.4207, 2.85475, 1.43839)
Pose2d_Node 203 (3.4579, 3.08766, 1.55084)
Pose2d_Node 204 (3.4665, 3.36759, 1.61881)
Pose2d_Node 205 (3.45894, 3.62311, 1.68771)
Pose2d_Node 206 (3.42826, 3.87197, 1.76262)
Pose2d_Node 207 (3.38659, 4.09113, 1.82498)
Pose2d_Node 208 (3.29906, 4.32222, 1.9319)
Pose2d_Node 209 (3.22773, 4.53518, 1.96633)
Pose2d_Node 210 (3.13067, 4.77824, 2.05479)
Pose2d_Node 211 (3.02971, 4.98038, 2.14226)
Pose2d_Node 212 (2.87369, 5.22565, 2.2057)
Pose2d_Node 213 (2.72679, 5.42372, 2.24979)
Pose2d_Node 214 (2.57717, 5.6127, 2.35851)
Pose2d_Node 215 (2.40287, 5.80185, 2.42919)
Pose2d_Node 216 (2.23041, 5.95713, 2.51375)
Pose2d_Node 217 (2.00313, 6.12434, 2.58544)
Pose2d_Node 218 (1.79016, 6.26103, 2.652)
Pose2d_Node 219 (1.59178, 6.3652, 2.74792)
Pose2d_Node 220 (1.36237, 6.46753, 2.80686)
Pose2d_Node 221 (1.10404, 6.55326, 2.87031)
Pose2d_Node 222 (0.843804, 6.61987, 2.94851)
Pose2d_Node 223 (0.58693, 6.66232, 3.01836)
Pose2d_Node 224 (0.399209, 6.69037, 3.09264)
Pose2d_Node 225 (0.142368, 6.69279, -3.10585)
Pose2d_Node 226 (-0.113264, 6.67584, -3.01359)
Pose2d_Node 227 (-0.402458, 6.64639, -2.95005)
Pose2d_Node 228 (-0.660309, 6.59949, -2.87017)
Pose2d_Node 229 (-0.883824, 6.52439, -2.80863)
Pose2d_Node 230 (-1.12439, 6.44138, -2.72705)
Pose2d_Node 231 (-1.35087, 6.33838, -2.66606)
Pose2d_Node 232 (-1.54638, 6.24021, -2.57593)
Pose2d_Node 233 (-1.75908, 6.10338, -2.50378)
Pose2d_Node 234 (-1.9268, 5.97692, -2.4236)
Pose2d_Node 235 (-2.10557, 5.82626, -2.33665)
Pose2d_Node 236 (-2.28676, 5.63565, -2.28465)
Pose2d_Node 237 (-2.46773, 5.44126, -2.18671)
Pose2d_Node 238 (-2.61619, 5.23448, -2.13637)
Pose2d_Node 239 (-2.76703, 5.00367, -2.06066)
Pose2d_Node 240 (-2.88453, 4.78434, -1.95291)
Pose2d_Node 241 (-2.96929, 4.57221, -1.89179)
Pose2d_Node 242 (-3.04302, 4.34744, -1.80915)
Pose2d_Node 243 (-3.1055, 4.07058, -1.76838)
Pose2d_Node 244 (-3.15159, 3.84274, -1.68091)
Pose2d_Node 245 (-3.16793, 3.60692, -1.60805)
Pose2d_Node 246 (-3.17397, 3.35852, -1.51337)
Pose2d_Node 247 (-3.16391, 3.15212, -1.43907)
Pose2d_Node 248 (-3.13824, 2.86553, -1.35027)
Pose2d_Node 249 (-3.07962, 2.58777, -1.29459)
Pose2d_Node 250 (-3.02042, 2.36504, -1.22187)
Pose2d_Node 251 (-2.92787, 2.109, -1.15983)
Pose2d_Node 252 (-2.83726, 1.89027, -1.07473)
Pose2d_Node 253 (-2.70822, 1.64851, -1.00933)
Pose2d_Node 254 (-2.5756, 1.4432, -0.929902)
Pose2d_Node 255 (-2.43088, 1.25185, -0.847783)
Pose2d_Node 256 (-2.2859, 1.08685, -0.773715)
Pose2d_Node 257 (-2.09735, 0.903227, -0.699417)
Pose2d_Node 258 (-1.8787, 0.725147, -0.64869)
Pose2d_Node 259 (-1.67267, 0.559348, -0.536685)
Pose2d_Node 260 (-1.48831, 0.446319, -0.475608)
Pose2d_Node 261 (-1.29067, 0.342041, -0.417614)
Pose2d_Node 262 (-1.05315, 0.236217, -0.32361)
Pose2d_Node 263 (-0.83247, 0.155643, -0.246335)
Pose2d_Node 264 (-0.596154, 0.0989307, -0.166099)
Pose2d_Node 265 (-0.32436, 0.0509985, -0.105685)
Pose2d_Node 266 (-0.0433513, 0.0243259, -0.0397235)
Pose2d_Node 267 (0.206942, 0.0221897, 0.0434261)
Pose2d_Node 268 (0.471065, 0.0348033, 0.126116)
Pose2d_Node 269 (0.697837, 0.0634854, 0.21618)
Pose2d_Node 270 (0.93558, 0.116047, 0.284428)
Pose2d_Node 271 (1.17999, 0.189595, 0.34533)
Pose2d_Node 272 (1.39259, 0.266015, 0.441407)
Pose2d_Node 273 (1.60203, 0.357409, 0.503718)
Pose2d_Node 274 (1.85486, 0.494994, 0.572348)
Pose2d_Node 275 (2.06991, 0.629809, 0.656877)
Pose2d_Node 276 (2.26954, 0.787325, 0.743307)
Pose2d_Node 277 (2.42857, 0.947919, 0.797098)
Pose2d_Node 278 (2.61855, 1.12655, 0.855244)
Pose2d_Node 279 (2.79964, 1.32487, 0.964078)
Pose2d_Node 280 (2.93516, 1.51478, 1.00849)
Pose2d_Node 281 (3.05129, 1.70213, 1.10394)
Pose2d_Node 282 (3.16016, 1.93534, 1.15808)
Pose2d_Node 283 (3.2725, 2.20689, 1.254)
Pose2d_Node 284 (3.34077, 2.42719, 1.3262)
Pose2d_Node 285 (3.39499, 2.64823, 1.38549)
Pose2d_Node 286 (3.44194, 2.90098, 1.48086)
Pose2d_Node 287 (3.46978, 3.16205, 1.54882)
Pose2d_Node 288 (3.47906, 3.42133, 1.61581)
Pose2d_Node 289 (3.47028, 3.66403, 1.69834)
Pose2d_Node 290 (3.43221, 3.8958, 1.77472)
Pose2d_Node 291 (3.38564, 4.1379, 1.85277)
Pose2d_Node 292 (3.31681, 4.35902, 1.8873)
Pose2d_Node 293 (3.23146, 4.60292, 2.01159)
Pose2d_Node 294 (3.11947, 4.84468, 2.0537)
Pose2d_Node 295 (2.99969, 5.06773, 2.15493)
Pose2d_Node 296 (2.85329, 5.29189, 2.21947)
Pose2d_Node 297 (2.72689, 5.45277, 2.28913)
Pose2d_Node 298 (2.56412, 5.64489, 2.3692)
Pose2d_Node 299 (2.36966, 5.84555, 2.44003)
Pose2d_Node 300 (2.17767, 6.00181, 2.50767)
Pose2d_Node 301 (1.98577, 6.13241, 2.58953)
Pose2d_Node 302 (1.75163, 6.28602, 2.69785)
Pose2d_Node 303 (1.52544, 6.39426, 2.746)
Pose2d_Node 304 (1.28788, 6.489, 2.81587)
Pose2d_Node 305 (1.06048, 6.56193, 2.89008)
Pose2d_Node 306 (0.830047, 6.62522, 2.96415)
Pose2d_Node 307 (0.567926, 6.67438, 3.0523)
Pose2d_Node 308 (0.304365, 6.69369, 3.12945)
Pose2d_Node 309 (0.0741678, 6.68675, -3.07738)
Pose2d_Node 310 (-0.18811, 6.66848, -3.01135)
Pose2d_Node 311 (-0.420259, 6.63983, -2.95255)
Pose2d_Node 312 (-0.63578, 6.59521, -2.86313)
Pose2d_Node 313 (-0.849248, 6.53221, -2.77349)
Pose2d_Node 314 (-1.07567, 6.44535, -2.69292)
Pose2d_Node 315 (-1.31033, 6.3501, -2.63005)
Pose2d_Node 316 (-1.5687, 6.20912, -2.5571)
Pose2d_Node 317 (-1.75836, 6.07961, -2.47369)
Pose2d_Node 318 (-1.97455, 5.91458, -2.40025)
Pose2d_Node 319 (-2.18246, 5.73196, -2.30642)
Pose2d_Node 320 (-2.34273, 5.55378, -2.23846)
Pose2d_Node 321 (-2.49062, 5.37331, -2.18205)
Pose2d_Node 322 (-2.64361, 5.15598, -2.09331)
Pose2d_Node 323 (-2.76741, 4.95902, -2.05669)
Pose2d_Node 324 (-2.87878, 4.75161, -1.95597)
Pose2d_Node 325 (-2.95373, 4.54252, -1.86531)
Pose2d_Node 326 (-3.04142, 4.26634, -1.81964)
Pose2d_Node 327 (-3.09251, 4.06771, -1.74449)
Pose2d_Node 328 (-3.13678, 3.8326, -1.66735)
Pose2d_Node 329 (-3.16342, 3.55954, -1.59192)
Pose2d_Node 330 (-3.16063, 3.33857, -1.49845)
Pose2d_Node 331 (-3.14027, 3.07437, -1.44884)
Pose2d_Node 332 (-3.11347, 2.81779, -1.37325)
Pose2d_Node 333 (-3.07027, 2.56122, -1.29582)
Pose2d_Node 334 (-3.00195, 2.31145, -1.20668)
Pose2d_Node 335 (-2.91985, 2.07467, -1.13294)
Pose2d_Node 336 (-2.82409, 1.88672, -1.05092)
Pose2d_Node 337 (-2.69146, 1.65227, -0.984439)
Pose2d_Node 338 (-2.56678, 1.45147, -0.893823)
Pose2d_Node 339 (-2.41669, 1.24826, -0.832945)
Pose2d_Node 340 (-2.25521, 1.06795, -0.772119)
Pose2d_Node 341 (-2.04207, 0.862338, -0.688396)
Pose2d_Node 342 (-1.82354, 0.692679, -0.614347)
Pose2d_Node 343 (-1.63922, 0.562125, -0.52694)
Pose2d_Node 344 (-1.46509, 0.467012, -0.466462)
Pose2d_Node 345 (-1.20153, 0.331083, -0.379284)
Pose2d_Node 346 (-0.981916, 0.239552, -0.313316)
Pose2d_Node 347 (-0.733254, 0.161031, -0.232281)
Pose2d_Node 348 (-0.47642, 0.100894, -0.155451)
Pose2d_Node 349 (-0.266665, 0.0669127, -0.0850573)
Pose2d_Node 350 (0.0149514, 0.0348286, -0.00360884)
Pose2d_Node 351 (0.245642, 0.0438039, 0.057884)
Pose2d_Node 352 (0.509977, 0.0525814, 0.133006)
Pose2d_Node 353 (0.731659, 0.0815056, 0.222093)
Pose2d_Node 354 (0.995713, 0.139859, 0.287324)
Pose2d_Node 355 (1.21682, 0.201979, 0.366678)
Pose2d_Node 356 (1.48855, 0.303408, 0.443367)
Pose2d_Node 357 (1.72025, 0.412282, 0.520124)
Pose2d_Node 358 (1.92855, 0.538317, 0.601232)
Pose2d_Node 359 (2.12637, 0.679659, 0.67006)
Pose2d_Node 360 (2.32458, 0.841999, 0.748159)
Pose2d_Node 361 (2.48566, 0.997404, 0.822399)
Pose2d_Node 362 (2.67933, 1.19878, 0.89684)
Pose2d_Node 363 (2.83715, 1.393, 0.961147)
Pose2d_Node 364 (2.95638, 1.56257, 1.06401)
Pose2d_Node 365 (3.08793, 1.78343, 1.13067)
Pose2d_Node 366 (3.20927, 2.01815, 1.19283)
Pose2d_Node 367 (3.28662, 2.24892, 1.24965)
Pose2d_Node 368 (3.35588, 2.47379, 1.3394)
Pose2d_Node 369 (3.41486, 2.73999, 1.41791)
Pose2d_Node 370 (3.44366, 2.96538, 1.49796)
Pose2d_Node 371 (3.46859, 3.23342, 1.54823)
Pose2d_Node 372 (3.48404, 3.4714, 1.62758)
Pose2d_Node 373 (3.45819, 3.71411, 1.71682)
Pose2d_Node 374 (3.41938, 3.94125, 1.801)
Pose2d_Node 375 (3.3695, 4.17362, 1.84883)
Pose2d_Node 376 (3.2963, 4.44314, 1.95206)
Pose2d_Node 377 (3.19762, 4.68958, 2.01902)
Pose2d_Node 378 (3.11004, 4.87026, 2.09725)
Pose2d_Node 379 (2.99385, 5.08174, 2.17433)
Pose2d_Node 380 (2.85708, 5.27819, 2.26662)
Pose2d_Node 381 (2.6894, 5.49169, 2.30661)
Pose2d_Node 382 (2.49656, 5.70666, 2.39494)
Pose2d_Node 383 (2.31354, 5.87562, 2.48024)
Pose2d_Node 384 (2.11395, 6.02664, 2.54808)
Pose2d_Node 385 (1.90081, 6.1771, 2.62482)
Pose2d_Node 386 (1.70326, 6.28696, 2.6906)
Pose2d_Node 387 (1.46517, 6.40742, 2.75461)
Pose2d_Node 388 (1.26593, 6.48677, 2.82954)
Pose2d_Node 389 (1.01017, 6.57545, 2.90902)
Pose2d_Node 390 (0.794216, 6.6353, 3.002)
Pose2d_Node 391 (0.542547, 6.66859, 3.07364)
Pose2d_Node 392 (0.314501, 6.67883, 3.13498)
Pose2d_Node 393 (0.00270654, 6.68371, -3.06819)
Pose2d_Node 394 (-0.254225, 6.66585, -2.98695)
Pose2d_Node 395 (-0.461182, 6.6313, -2.92288)
Pose2d_Node 396 (-0.71243, 6.57945, -2.84132)
Pose2d_Node 397 (-0.944092, 6.50652, -2.77383)
Pose2d_Node 398 (-1.15409, 6.42891, -2.67628)
Pose2d_Node 399 (-1.40979, 6.30886, -2.6087)
Pose2d_Node 400 (-1.66118, 6.16597, -2.5367)
Pose2d_Node 401 (-1.86095, 6.03929, -2.45132)
Pose2d_Node 402 (-2.05791, 5.88546, -2.39373)
Pose2d_Node 403 (-2.24395, 5.71326, -2.30985)
Pose2d_Node 404 (-2.36766, 5.56633, -2.25435)
Pose2d_Node 405 (-2.52672, 5.37378, -2.17052)
Pose2d_Node 406 (-2.66494, 5.15542, -2.08441)
Pose2d_Node 407 (-2.78424, 4.93965, -2.00124)
Pose2d_Node 408 (-2.89187, 4.70578, -1.94341)
Pose2d_Node 409 (-3.00473, 4.43725, -1.87672)
Pose2d_Node 410 (-3.07291, 4.21998, -1.7744)
Pose2d_Node 411 (-3.1286, 3.97459, -1.73025)
Pose2d_Node 412 (-3.15888, 3.75462, -1.64123)
Pose2d_Node 413 (-3.18783, 3.46332, -1.57075)
Pose2d_Node 414 (-3.19007, 3.19903, -1.48798)
Pose2d_Node 415 (-3.16262, 2.96624, -1.41204)
