0.0001     -0     -0
    -0 0.0001     -0
    -0     -0 0.0001
0.000549999  1.9175e-20 6.22241e-19
 1.9175e-20 0.000111143  2.5774e-05
6.22241e-19  2.5774e-05  0.00730002
  0.00094052 -1.19064e-05 -0.000137032
-1.19064e-05  0.000661965   0.00199436
-0.000137032   0.00199436   0.00755782
  0.00127587 -0.000174574 -0.000447229
-0.000174574   0.00207004   0.00378631
-0.000447229   0.00378631    0.0076615
  0.00155923 -0.000501928 -0.000796975
-0.000501928   0.00394977    0.0053174
-0.000796975    0.0053174   0.00766305
 0.00184389 -0.00114548 -0.00134567
-0.00114548  0.00693637  0.00709933
-0.00134567  0.00709933  0.00763254
 0.00227378 -0.00242876 -0.00210687
-0.00242876   0.0116231  0.00923256
-0.00210687  0.00923256  0.00762187
 0.00289242   -0.004147 -0.00296716
  -0.004147   0.0163885   0.0109827
-0.00296716   0.0109827  0.00761566
 0.00369429 -0.00597406 -0.00381626
-0.00597406   0.0204233   0.0122623
-0.00381626   0.0122623  0.00769609
 0.00479642 -0.00848808 -0.00479008
-0.00848808   0.0258046    0.013786
-0.00479008    0.013786  0.00769576
 0.00673609  -0.0123044 -0.00612975
 -0.0123044   0.0324659   0.0154768
-0.00612975   0.0154768   0.0076924
 0.00949583  -0.0169944 -0.00765403
 -0.0169944    0.039191   0.0170201
-0.00765403   0.0170201  0.00766116
  0.0117781  -0.0204596 -0.00871433
 -0.0204596   0.0435084   0.0179364
-0.00871433   0.0179364   0.0076496
   0.01559 -0.0256041 -0.0102319
-0.0256041  0.0490256  0.0190489
-0.0102319  0.0190489 0.00764228
 0.0197125 -0.0307576 -0.0116761
-0.0307576  0.0543499  0.0200361
-0.0116761  0.0200361 0.00772892
 0.0256867 -0.0375052  -0.013474
-0.0375052   0.060412  0.0211279
 -0.013474  0.0211279 0.00772595
 0.0329072 -0.0446572 -0.0153603
-0.0446572   0.065696  0.0220508
-0.0153603  0.0220508 0.00769155
 0.0414185 -0.0523098 -0.0173274
-0.0523098  0.0705926  0.0228647
-0.0173274  0.0228647 0.00767829
  0.050398 -0.0595852 -0.0191867
-0.0595852  0.0744634  0.0234845
-0.0191867  0.0234845 0.00767001
 0.0576996 -0.0645547 -0.0205899
-0.0645547  0.0760348  0.0236982
-0.0205899  0.0236982 0.00775942
 0.0701916 -0.0724877 -0.0227701
-0.0724877  0.0782794  0.0240359
-0.0227701  0.0240359 0.00775723
 0.0838614 -0.0802403 -0.0249347
-0.0802403  0.0798536  0.0242745
-0.0249347  0.0242745 0.00775085
 0.0922192 -0.0836953 -0.0261728
-0.0836953  0.0788437  0.0241167
-0.0261728  0.0241167 0.00771411
  0.106542 -0.0892731 -0.0281651
-0.0892731  0.0774559  0.0238999
-0.0281651  0.0238999  0.0076992
  0.119568 -0.0934626 -0.0298585
-0.0934626  0.0755039  0.0235927
-0.0298585  0.0235927 0.00769015
  0.134994 -0.0971253 -0.0317645
-0.0971253  0.0722455  0.0230196
-0.0317645  0.0230196 0.00778583
  0.149415  -0.100242  -0.033441
 -0.100242  0.0695682  0.0225641
 -0.033441  0.0225641 0.00778244
  0.166055  -0.102029 -0.0352749
 -0.102029  0.0649322  0.0217649
-0.0352749  0.0217649 0.00777568
  0.180912  -0.102428 -0.0368392
 -0.102428   0.060145  0.0209183
-0.0368392  0.0209183  0.0077412
   0.19789  -0.102185 -0.0385436
 -0.102185  0.0548122  0.0199392
-0.0385436  0.0199392 0.00772692
  0.213575  -0.100946 -0.0400606
 -0.100946  0.0497517  0.0189077
-0.0400606  0.0189077 0.00781968
  0.228303 -0.0980252 -0.0414281
-0.0980252  0.0440997  0.0177313
-0.0414281  0.0177313 0.00781649
  0.246004 -0.0938052 -0.0430202
-0.0938052  0.0377931  0.0163208
-0.0430202  0.0163208 0.00781043
  0.261752 -0.0879952 -0.0443941
-0.0879952  0.0315915  0.0148189
-0.0443941  0.0148189 0.00777541
  0.276501 -0.0809113 -0.0456392
-0.0809113  0.0256762  0.0132375
-0.0456392  0.0132375 0.00776108
  0.290413 -0.0730637  -0.046784
-0.0730637  0.0203908  0.0116417
 -0.046784  0.0116417 0.00775173
  0.302653 -0.0645313 -0.0477534
-0.0645313  0.0158362  0.0100068
-0.0477534  0.0100068  0.0078276
  0.310767  -0.056387 -0.0483906
 -0.056387   0.012361 0.00858515
-0.0483906 0.00858515  0.0078234
  0.319199 -0.0463667 -0.0490468
-0.0463667 0.00893689 0.00690936
-0.0490468 0.00690936 0.00781708
   0.32603 -0.0358718 -0.0495772
-0.0358718 0.00622449 0.00521848
-0.0495772 0.00521848 0.00778819
  0.331244 -0.0229021 -0.0499771
-0.0229021 0.00395711 0.00320516
-0.0499771 0.00320516 0.00777596
  0.335027 -0.0122094 -0.0502663
-0.0122094 0.00289751  0.0015701
-0.0502663  0.0015701 0.00776825
    0.337794 -0.000235308   -0.0504478
-0.000235308    0.0025683 -0.000269817
  -0.0504478 -0.000269817   0.00784827
   0.336816   0.0140271  -0.0503651
  0.0140271  0.00333326 -0.00244548
 -0.0503651 -0.00244548  0.00784319
   0.333265   0.0281037  -0.0500957
  0.0281037  0.00531181 -0.00461069
 -0.0500957 -0.00461069  0.00781235
    0.32892   0.0413887  -0.0497658
  0.0413887  0.00835484 -0.00668077
 -0.0497658 -0.00668077   0.0077997
   0.322649   0.0531616  -0.0492867
  0.0531616   0.0121256 -0.00856734
 -0.0492867 -0.00856734  0.00779164
  0.314081  0.0653608 -0.0485856
 0.0653608  0.0172233 -0.0105991
-0.0485856 -0.0105991 0.00784809
  0.305557  0.0741866 -0.0479037
 0.0741866  0.0218434 -0.0121572
-0.0479037 -0.0121572 0.00784276
  0.294242  0.0790414  -0.046734
 0.0790414  0.0237595 -0.0127798
 -0.046734 -0.0127798 0.00763128
  0.290517  0.0854648 -0.0463923
 0.0854648  0.0273844 -0.0138733
-0.0463923 -0.0138733 0.00761529
  0.275541  0.0932404 -0.0451431
 0.0932404  0.0337501 -0.0155303
-0.0451431 -0.0155303 0.00760714
  0.262823  0.0983567 -0.0440659
 0.0983567  0.0390443  -0.016766
-0.0440659  -0.016766 0.00760123
  0.248066   0.103295 -0.0427681
  0.103295  0.0453487 -0.0180891
-0.0427681 -0.0180891 0.00769067
  0.229948   0.107573 -0.0411429
  0.107573  0.0528511  -0.019576
-0.0411429  -0.019576 0.00768737
  0.212517   0.109856 -0.0396067
  0.109856  0.0589383 -0.0207041
-0.0396067 -0.0207041 0.00759473
  0.193002   0.110624 -0.0377173
  0.110624  0.0654168 -0.0218715
-0.0377173 -0.0218715  0.0075924
  0.176207   0.110083 -0.0360182
  0.110083  0.0708045 -0.0227799
-0.0360182 -0.0227799 0.00758944
  0.162106   0.108808  -0.034541
  0.108808  0.0751469 -0.0234554
 -0.034541 -0.0234554 0.00764978
  0.145184    0.10628 -0.0326592
   0.10628  0.0800783 -0.0242253
-0.0326592 -0.0242253 0.00764848
  0.132016   0.103165 -0.0311666
  0.103165   0.082802 -0.0246693
-0.0311666 -0.0246693 0.00758334
   0.11846  0.0995409 -0.0295015
 0.0995409  0.0859575 -0.0251487
-0.0295015 -0.0251487 0.00758322
 0.0973144  0.0915856 -0.0266925
 0.0915856  0.0887456 -0.0255641
-0.0266925 -0.0255641 0.00758168
 0.0882388  0.0872955  -0.025393
 0.0872955  0.0891092 -0.0256208
 -0.025393 -0.0256208 0.00758002
 0.0775892  0.0815476 -0.0237991
 0.0815476  0.0886621 -0.0255312
-0.0237991 -0.0255312 0.00765937
 0.0665774  0.0749099 -0.0220022
 0.0749099  0.0875315 -0.0253629
-0.0220022 -0.0253629 0.00765839
 0.0552084  0.0670558 -0.0199972
 0.0670558  0.0849449 -0.0250144
-0.0199972 -0.0250144 0.00758353
 0.0462292  0.0601621 -0.0182425
 0.0601621  0.0822001 -0.0246084
-0.0182425 -0.0246084 0.00758366
 0.0381908  0.0533438 -0.0165205
 0.0533438  0.0788086 -0.0240902
-0.0165205 -0.0240902 0.00758273
 0.0303261  0.0458131 -0.0146402
 0.0458131  0.0740595  -0.023343
-0.0146402  -0.023343 0.00758035
  0.024098  0.0388935 -0.0129548
 0.0388935  0.0685401 -0.0224367
-0.0129548 -0.0224367  0.0076395
 0.0190598  0.0328317 -0.0114255
 0.0328317  0.0628064 -0.0214896
-0.0114255 -0.0214896 0.00756913
   0.014359    0.026662 -0.00977184
   0.026662   0.0567779  -0.0204208
-0.00977184  -0.0204208  0.00756996
  0.0109784     0.02154 -0.00835608
    0.02154    0.050842  -0.0193174
-0.00835608  -0.0193174  0.00756975
0.00813485  0.0167126 -0.0069811
 0.0167126  0.0441155 -0.0179711
-0.0069811 -0.0179711 0.00756847
  0.0060985   0.0127416 -0.00579837
  0.0127416   0.0378272  -0.0166076
-0.00579837  -0.0166076  0.00764943
 0.00491934   0.0100067 -0.00493734
  0.0100067   0.0325174  -0.0153783
-0.00493734  -0.0153783  0.00764998
0.00367484  0.0069898 -0.0038516
 0.0069898  0.0261269 -0.0137853
-0.0038516 -0.0137853 0.00757341
 0.00285799  0.00481477 -0.00300604
 0.00481477   0.0209142   -0.012292
-0.00300604   -0.012292  0.00757469
0.00223583 0.00279733 -0.0021063
0.00279733  0.0152052 -0.0104198
-0.0021063 -0.0104198 0.00757466
 0.00192742  0.00149129 -0.00141252
 0.00149129   0.0105914  -0.0086236
-0.00141252  -0.0086236  0.00757319
 0.00187918 0.000846739 -0.00103701
0.000846739  0.00719408 -0.00702686
-0.00103701 -0.00702686  0.00763296
  0.00180092  0.000374918 -0.000646876
 0.000374918   0.00418739  -0.00523911
-0.000646876  -0.00523911   0.00756452
  0.0017727 9.66041e-05 -0.00033274
9.66041e-05  0.00184997 -0.00319616
-0.00033274 -0.00319616  0.00756626
  0.00177306  2.40847e-05 -0.000146359
 2.40847e-05  0.000617549   -0.0010707
-0.000146359   -0.0010707   0.00756661
  0.00178001  1.05416e-05 -0.000185823
 1.05416e-05  0.000485619  0.000514728
-0.000185823  0.000514728   0.00756595
  0.00182414 -3.36818e-05 -0.000353819
-3.36818e-05   0.00109131   0.00217832
-0.000353819   0.00217832   0.00763102
  0.00189041 -0.000378828 -0.000700312
-0.000378828   0.00324031   0.00455605
-0.000700312   0.00455605   0.00763206
  0.00196362 -0.000902762  -0.00112881
-0.000902762   0.00602234   0.00642773
 -0.00112881   0.00642773   0.00757016
 0.00216952 -0.00179052  -0.0017332
-0.00179052  0.00950527  0.00819778
 -0.0017332  0.00819778    0.007571
 0.00256523 -0.00307291 -0.00245365
-0.00307291   0.0132286  0.00974514
-0.00245365  0.00974514  0.00757077
 0.00309501 -0.00461021 -0.00321245
-0.00461021   0.0171163   0.0111192
-0.00321245   0.0111192  0.00756979
 0.00422568 -0.00723744 -0.00433633
-0.00723744   0.0227321   0.0128381
-0.00433633   0.0128381  0.00763922
 0.00538873 -0.00965498  -0.0052517
-0.00965498   0.0271981   0.0140683
 -0.0052517   0.0140683  0.00763927
 0.00743805  -0.0135217 -0.00654941
 -0.0135217   0.0333884   0.0156221
-0.00654941   0.0156221  0.00757777
  0.0101992  -0.0182163 -0.00800077
 -0.0182163    0.040242   0.0171677
-0.00800077   0.0171677  0.00757828
  0.0132726  -0.0228961 -0.00933718
 -0.0228961   0.0463928   0.0184509
-0.00933718   0.0184509  0.00757738
 0.0168771  -0.027657 -0.0106877
 -0.027657   0.051603  0.0194442
-0.0106877  0.0194442 0.00764961
 0.0213077 -0.0330376 -0.0121409
-0.0330376  0.0568917   0.020428
-0.0121409   0.020428 0.00765063
  0.027147 -0.0395523 -0.0138155
-0.0395523  0.0624275  0.0214129
-0.0138155  0.0214129 0.00758269
 0.0331895 -0.0454287 -0.0153619
-0.0454287  0.0665941  0.0221466
-0.0153619  0.0221466 0.00758637
 0.0409184 -0.0523493 -0.0171434
-0.0523493  0.0708783  0.0228534
-0.0171434  0.0228534 0.00758641
 0.0485761 -0.0584412 -0.0187423
-0.0584412  0.0738024  0.0233223
-0.0187423  0.0233223 0.00758539
 0.0591171 -0.0658845 -0.0207358
-0.0658845  0.0765578  0.0237294
-0.0207358  0.0237294 0.00765657
 0.0703636  -0.072883 -0.0226731
 -0.072883  0.0783416  0.0240021
-0.0226731  0.0240021 0.00765664
 0.0840482 -0.0802231 -0.0248046
-0.0802231  0.0790873  0.0241403
-0.0248046  0.0241403 0.00758729
  0.095529 -0.0857811  -0.026479
-0.0857811  0.0792945  0.0241708
 -0.026479  0.0241708 0.00758777
  0.109114 -0.0912681 -0.0283315
-0.0912681  0.0783552  0.0240244
-0.0283315  0.0240244 0.00758719
  0.124487 -0.0963926 -0.0302901
-0.0963926  0.0764484  0.0237266
-0.0302901  0.0237266 0.00758524
  0.137207 -0.0995823  -0.031807
-0.0995823  0.0740187  0.0233162
 -0.031807  0.0233162 0.00765765
  0.151339  -0.102322  -0.033409
 -0.102322  0.0707324  0.0228146
 -0.033409  0.0228146 0.00758482
  0.170478  -0.105041 -0.0354825
 -0.105041  0.0661173  0.0220474
-0.0354825  0.0220474 0.00758669
  0.188275  -0.105605 -0.0373071
 -0.105605  0.0605157  0.0210772
-0.0373071  0.0210772 0.00758692
  0.201237  -0.104427 -0.0385796
 -0.104427   0.055347  0.0201464
-0.0385796  0.0201464 0.00758619
   0.21583  -0.102847 -0.0399428
 -0.102847  0.0500998  0.0191363
-0.0399428  0.0191363 0.00765549
  0.231649  -0.100188 -0.0413883
 -0.100188  0.0443277  0.0179816
-0.0413883  0.0179816 0.00765634
   0.24611 -0.0968799 -0.0426734
-0.0968799  0.0391066   0.016893
-0.0426734   0.016893 0.00758396
  0.263319 -0.0907786 -0.0441493
-0.0907786  0.0321723  0.0152928
-0.0441493  0.0152928 0.00758535
  0.276294 -0.0835094 -0.0452287
-0.0835094  0.0260379   0.013726
-0.0452287   0.013726 0.00758533
  0.287749 -0.0760565 -0.0461614
-0.0760565  0.0208359  0.0122454
-0.0461614  0.0122454  0.0075842
  0.301117 -0.0657189 -0.0471983
-0.0657189  0.0150436  0.0103324
-0.0471983  0.0103324 0.00765483
  0.309389    -0.0574 -0.0478461
   -0.0574  0.0113425 0.00889032
-0.0478461 0.00889032 0.00765438
  0.319659 -0.0450998 -0.0486535
-0.0450998 0.00702933 0.00688885
-0.0486535 0.00688885  0.0075842
  0.328277 -0.0326006 -0.0493077
-0.0326006 0.00386554 0.00490785
-0.0493077 0.00490785 0.00758456
  0.331858 -0.0214275  -0.049576
-0.0214275 0.00198471 0.00320659
 -0.049576 0.00320659 0.00758389
   0.335238 -0.00860641  -0.0498033
-0.00860641 0.000814198   0.0012799
 -0.0498033   0.0012799  0.00765318
    0.336607   0.00309102   -0.0499021
  0.00309102  0.000614008 -0.000467598
  -0.0499021 -0.000467598   0.00765388
   0.336092   0.0134153    -0.04989
  0.0134153  0.00111098 -0.00199208
   -0.04989 -0.00199208  0.00758244
   0.333773    0.025209  -0.0497154
   0.025209  0.00246895 -0.00376724
 -0.0497154 -0.00376724  0.00758387
   0.329223   0.0385792  -0.0493718
  0.0385792  0.00508958 -0.00581016
 -0.0493718 -0.00581016  0.00758408
   0.323387   0.0498725  -0.0489295
  0.0498725  0.00827451 -0.00757997
 -0.0489295 -0.00757997  0.00758303
   0.315137   0.0619056  -0.0482787
  0.0619056   0.0127638 -0.00951915
 -0.0482787 -0.00951915  0.00765298
  0.306664  0.0713347 -0.0476165
 0.0713347  0.0172169 -0.0111256
-0.0476165 -0.0111256 0.00765296
  0.293551  0.0834024 -0.0466137
 0.0834024  0.0243652 -0.0132964
-0.0466137 -0.0132964 0.00758377
  0.282312  0.0911104 -0.0457067
 0.0911104  0.0301043 -0.0148143
-0.0457067 -0.0148143 0.00758419
  0.270875  0.0973584 -0.0447627
 0.0973584  0.0357113 -0.0161663
-0.0447627 -0.0161663 0.00758356
  0.256536    0.10323 -0.0435532
   0.10323   0.042315 -0.0176185
-0.0435532 -0.0176185 0.00758177
  0.240463   0.107308 -0.0421488
  0.107308  0.0487243 -0.0189004
-0.0421488 -0.0189004 0.00765366
  0.227434    0.10969 -0.0410159
   0.10969   0.053801 -0.0198783
-0.0410159 -0.0198783 0.00758209
  0.213164   0.112046 -0.0396975
  0.112046  0.0598397 -0.0209802
-0.0396975 -0.0209802 0.00758367
  0.193877   0.112588 -0.0378432
  0.112588   0.066449 -0.0221161
-0.0378432 -0.0221161  0.0075843
   0.17665    0.11225 -0.0361075
   0.11225  0.0725214 -0.0231131
-0.0361075 -0.0231131 0.00758337
  0.157501     0.1099 -0.0340791
    0.1099  0.0780538 -0.0239587
-0.0340791 -0.0239587 0.00765442
    0.1428    0.10745 -0.0324304
   0.10745   0.082372 -0.0246172
-0.0324304 -0.0246172 0.00765454
  0.126602   0.103363 -0.0305334
  0.103363   0.086035 -0.0251871
-0.0305334 -0.0251871 0.00758351
   0.11357  0.0989754 -0.0288981
 0.0989754  0.0879666 -0.0254743
-0.0288981 -0.0254743 0.00758442
  0.102217  0.0946097 -0.0273941
 0.0946097  0.0895012 -0.0256955
-0.0273941 -0.0256955 0.00758428
 0.0881788  0.0882439 -0.0254109
 0.0882439   0.090494 -0.0258385
-0.0254109 -0.0258385 0.00758292
 0.0759418  0.0818025 -0.0235593
 0.0818025   0.090535 -0.0258223
-0.0235593 -0.0258223 0.00765431
 0.0646685  0.0746616 -0.0217109
 0.0746616  0.0889092 -0.0256137
-0.0217109 -0.0256137 0.00758112
 0.0536435  0.0667507 -0.0197263
 0.0667507  0.0861146 -0.0252029
-0.0197263 -0.0252029  0.0075832
 0.0454389    0.06027 -0.0181057
   0.06027  0.0834126 -0.0248004
-0.0181057 -0.0248004 0.00758376
 0.0370211  0.0528218 -0.0162714
 0.0528218  0.0794304 -0.0241972
-0.0162714 -0.0241972 0.00758321
 0.0294652  0.0453306 -0.0144508
 0.0453306  0.0744707 -0.0234039
-0.0144508 -0.0234039 0.00765169
  0.023294  0.0384691 -0.0127489
 0.0384691  0.0690721  -0.022527
-0.0127489  -0.022527 0.00765272
 0.0190523  0.0332506 -0.0114328
 0.0332506  0.0641983 -0.0217409
-0.0114328 -0.0217409 0.00757886
  0.0141155   0.0264348 -0.00967441
  0.0264348   0.0568212  -0.0204433
-0.00967441  -0.0204433  0.00758058
  0.0103971   0.0207331 -0.00811629
  0.0207331   0.0498578   -0.019132
-0.00811629   -0.019132  0.00758065
 0.00783187   0.0162671 -0.00682216
  0.0162671   0.0436345  -0.0178841
-0.00682216  -0.0178841  0.00757941
 0.00552702   0.0116865 -0.00542327
  0.0116865   0.0363031  -0.0162747
-0.00542327  -0.0162747  0.00764733
 0.00401812  0.00809267 -0.00421482
 0.00809267   0.0292664  -0.0145797
-0.00421482  -0.0145797  0.00764631
 0.00313851  0.00574249 -0.00331614
 0.00574249   0.0238499  -0.0131624
-0.00331614  -0.0131624  0.00757761
 0.00236445   0.0032769 -0.00222644
  0.0032769   0.0175311  -0.0112448
-0.00222644  -0.0112448  0.00757802
 0.00200275  0.00185378 -0.00151048
 0.00185378   0.0128602 -0.00957514
-0.00151048 -0.00957514  0.00757707
 0.00191023  0.00107477 -0.00105777
 0.00107477  0.00927697 -0.00807894
-0.00105777 -0.00807894  0.00764303
  0.00185862  0.000582943 -0.000731164
 0.000582943   0.00626305  -0.00654981
-0.000731164  -0.00654981   0.00764392
  0.00177274   0.00015324 -0.000304416
  0.00015324   0.00338064  -0.00465348
-0.000304416  -0.00465348   0.00757452
  0.00176103  4.65429e-06 -4.85548e-05
 4.65429e-06   0.00128396  -0.00247735
-4.85548e-05  -0.00247735     0.007576
  0.00176567  1.34137e-05  2.78751e-05
 1.34137e-05  0.000534649 -0.000811254
 2.78751e-05 -0.000811254   0.00757597
  0.0017688 5.10013e-05 -3.0931e-05
5.10013e-05  0.00055049 0.000911627
-3.0931e-05 0.000911627  0.00757494
  0.00181196 -1.06482e-05 -0.000219406
-1.06482e-05   0.00132005   0.00256178
-0.000219406   0.00256178   0.00764423
   0.0018521 -0.000208105 -0.000532989
-0.000208105   0.00299984   0.00436352
-0.000532989   0.00436352   0.00764468
  0.00193146 -0.000785134  -0.00109451
-0.000785134   0.00570188   0.00623878
 -0.00109451   0.00623878   0.00757732
 0.00219074 -0.00178497 -0.00179215
-0.00178497  0.00910065   0.0080184
-0.00179215   0.0080184  0.00757839
 0.00271997 -0.00346163 -0.00270638
-0.00346163   0.0139438   0.0100145
-0.00270638   0.0100145  0.00757789
 0.00329494 -0.00511047 -0.00346444
-0.00511047   0.0181617   0.0114626
-0.00346444   0.0114626  0.00757648
 0.00453836 -0.00786646 -0.00460453
-0.00786646   0.0237972   0.0131474
-0.00460453   0.0131474  0.00764799
0.00588022 -0.0106561 -0.0056083
-0.0106561  0.0286809   0.014457
-0.0056083   0.014457 0.00757832
 0.00780242  -0.0142496 -0.00679193
 -0.0142496   0.0345646    0.015895
-0.00679193    0.015895  0.00757992
  0.0109271  -0.0192717 -0.00834333
 -0.0192717   0.0414565   0.0174338
-0.00834333   0.0174338  0.00758025
  0.0139191  -0.0235316 -0.00958275
 -0.0235316   0.0465642   0.0184968
-0.00958275   0.0184968  0.00757925
 0.0183677 -0.0292928 -0.0111985
-0.0292928  0.0526926  0.0196585
-0.0111985  0.0196585 0.00765009
 0.0225329 -0.0341472 -0.0125203
-0.0341472  0.0571334  0.0204741
-0.0125203  0.0204741  0.0076505
  0.028575 -0.0405217 -0.0141834
-0.0405217  0.0622228  0.0213999
-0.0141834  0.0213999 0.00758109
 0.0342744 -0.0459713 -0.0156269
-0.0459713  0.0657994  0.0220047
-0.0156269  0.0220047 0.00758205
 0.0424678 -0.0531343 -0.0174745
-0.0531343  0.0702044  0.0227391
-0.0174745  0.0227391 0.00758199
 0.0508418 -0.0594178  -0.019185
-0.0594178  0.0727387   0.023147
 -0.019185   0.023147 0.00758081
 0.0623045 -0.0671629 -0.0212972
-0.0671629  0.0753129  0.0235269
-0.0212972  0.0235269 0.00765108
 0.0717471 -0.0728766 -0.0228938
-0.0728766  0.0767412  0.0237477
-0.0228938  0.0237477 0.00765063
 0.0856642 -0.0801354 -0.0250431
-0.0801354   0.077337  0.0238651
-0.0250431  0.0238651 0.00758269
  0.100671 -0.0867467 -0.0271889
-0.0867467  0.0768109  0.0237819
-0.0271889  0.0237819 0.00758307
  0.112246  -0.091083 -0.0287345
 -0.091083  0.0757632  0.0236181
-0.0287345  0.0236181 0.00758232
  0.129388 -0.0961315 -0.0308663
-0.0961315  0.0731499  0.0231774
-0.0308663  0.0231774 0.00765145
  0.141479 -0.0989185 -0.0322906
-0.0989185  0.0707106  0.0227826
-0.0322906  0.0227826  0.0076519
   0.15457 -0.0999037 -0.0337607
-0.0999037   0.065988  0.0220249
-0.0337607  0.0220249 0.00758138
  0.169728  -0.101829 -0.0353949
 -0.101829  0.0623731   0.021408
-0.0353949   0.021408 0.00758266
  0.184882  -0.102467 -0.0369585
 -0.102467  0.0580191  0.0206326
-0.0369585  0.0206326 0.00758282
   0.20457  -0.101619 -0.0388922
 -0.101619  0.0515707  0.0194372
-0.0388922  0.0194372 0.00758134
  0.220627 -0.0996372 -0.0403764
-0.0996372  0.0459908  0.0183286
-0.0403764  0.0183286 0.00765099
  0.236525 -0.0966212 -0.0418164
-0.0966212  0.0403944  0.0171546
-0.0418164  0.0171546 0.00765049
  0.250192 -0.0924453 -0.0430209
-0.0924453  0.0350214  0.0159795
-0.0430209  0.0159795 0.00758014
  0.265436 -0.0870998  -0.044321
-0.0870998  0.0293784  0.0146097
 -0.044321  0.0146097 0.00758091
  0.280434 -0.0793967 -0.0455617
-0.0793967  0.0231992  0.0129508
-0.0455617  0.0129508 0.00758034
  0.292208 -0.0716258 -0.0465143
-0.0716258  0.0182425  0.0114383
-0.0465143  0.0114383 0.00757855
   0.30428 -0.0621432 -0.0474446
-0.0621432  0.0133423 0.00971564
-0.0474446 0.00971564   0.007649
  0.312005 -0.0530205 -0.0480616
-0.0530205 0.00962611 0.00820427
-0.0480616 0.00820427  0.0075782
  0.322026 -0.0403173 -0.0488306
-0.0403173 0.00562585 0.00613606
-0.0488306 0.00613606 0.00757985
  0.327862 -0.0291574 -0.0492716
-0.0291574 0.00313928 0.00439512
-0.0492716 0.00439512 0.00757995
  0.332995 -0.0148621 -0.0496569
-0.0148621 0.00119902 0.00221376
-0.0496569 0.00221376 0.00757841
    0.33414 -0.00643996  -0.0497212
-0.00643996 0.000658002 0.000953608
 -0.0497212 0.000953608  0.00764687
   0.335681  0.00506284  -0.0498316
 0.00506284  0.00060196 -0.00076212
 -0.0498316 -0.00076212  0.00764726
   0.333772   0.0188733  -0.0497149
  0.0188733  0.00159465 -0.00281946
 -0.0497149 -0.00281946  0.00757872
   0.329734   0.0311204  -0.0494085
  0.0311204  0.00345565 -0.00468166
 -0.0494085 -0.00468166  0.00757971
   0.325439   0.0444675  -0.0490824
  0.0444675  0.00659898 -0.00673574
 -0.0490824 -0.00673574  0.00757921
   0.319108   0.0561214  -0.0485999
  0.0561214   0.0104078 -0.00858557
 -0.0485999 -0.00858557  0.00757749
  0.309523  0.0672055 -0.0478406
 0.0672055  0.0151484 -0.0104279
-0.0478406 -0.0104279 0.00764748
    0.2993  0.0774596 -0.0470333
 0.0774596   0.020629 -0.0122293
-0.0470333 -0.0122293 0.00764585
  0.290982  0.0838198 -0.0464043
 0.0838198  0.0247368 -0.0134208
-0.0464043 -0.0134208 0.00758004
   0.27887  0.0916759 -0.0454213
 0.0916759  0.0307655 -0.0149953
-0.0454213 -0.0149953 0.00758037
  0.265694  0.0981706 -0.0443262
 0.0981706  0.0369326 -0.0164547
-0.0443262 -0.0164547 0.00757954
  0.252207   0.103012  -0.043173
  0.103012  0.0427809 -0.0177059
 -0.043173 -0.0177059 0.00764825
   0.23858   0.106748 -0.0419814
  0.106748  0.0485672 -0.0188667
-0.0419814 -0.0188667 0.00764936
  0.221505   0.110027 -0.0404691
  0.110027  0.0555263 -0.0202007
-0.0404691 -0.0202007  0.0075794
  0.207531   0.111822 -0.0391625
  0.111822  0.0611924 -0.0212164
-0.0391625 -0.0212164 0.00758064
  0.190308   0.112563 -0.0374874
  0.112563   0.067591 -0.0223111
-0.0374874 -0.0223111 0.00758088
  0.173168   0.112061 -0.0357452
  0.112061  0.0736892 -0.0233017
-0.0357452 -0.0233017  0.0075797
  0.156508   0.109889 -0.0339674
  0.109889  0.0784431 -0.0240225
-0.0339674 -0.0240225 0.00764988
  0.141245   0.106767 -0.0322493
  0.106767  0.0821714  -0.024587
-0.0322493  -0.024587 0.00764976
  0.125592   0.102392 -0.0304072
  0.102392  0.0850698 -0.0250428
-0.0304072 -0.0250428 0.00758033
  0.113203  0.0982331 -0.0288497
 0.0982331  0.0869699 -0.0253238
-0.0288497 -0.0253238 0.00758113
 0.0963468  0.0915411 -0.0265818
 0.0915411  0.0888712 -0.0256023
-0.0265818 -0.0256023 0.00758059
 0.0842243  0.0853596 -0.0248214
 0.0853596  0.0887173 -0.0255795
-0.0248214 -0.0255795 0.00757908
 0.0748193   0.079985 -0.0233796
  0.079985  0.0879345 -0.0254391
-0.0233796 -0.0254391 0.00765006
 0.0641939  0.0733419 -0.0216295
 0.0733419  0.0863934 -0.0252413
-0.0216295 -0.0252413 0.00757861
 0.0520766  0.0649048 -0.0194282
 0.0649048  0.0838887 -0.0248681
-0.0194282 -0.0248681 0.00758059
 0.0427611  0.0574218  -0.017545
 0.0574218  0.0806078 -0.0243721
 -0.017545 -0.0243721 0.00758083
 0.0347497  0.0501468 -0.0157383
 0.0501468  0.0765156 -0.0237433
-0.0157383 -0.0237433 0.00757981
 0.0276052  0.0429736 -0.0139607
 0.0429736  0.0717162 -0.0229586
-0.0139607 -0.0229586 0.00764813
 0.0220091  0.0366575 -0.0123673
 0.0366575  0.0666556 -0.0221216
-0.0123673 -0.0221216  0.0076481
 0.0171859   0.030673 -0.0108131
  0.030673  0.0610896 -0.0211974
-0.0108131 -0.0211974 0.00757768
 0.0126244  0.0242042 -0.0090966
 0.0242042  0.0539245 -0.0199023
-0.0090966 -0.0199023 0.00757861
   0.010006   0.0199588 -0.00793435
  0.0199588   0.0483531   -0.018837
-0.00793435   -0.018837  0.00757828
 0.00772958   0.0159151 -0.00676869
  0.0159151   0.0424391  -0.0176329
-0.00676869  -0.0176329  0.00757694
 0.00546266   0.0113368 -0.00536834
  0.0113368   0.0348831  -0.0159501
-0.00536834  -0.0159501  0.00764529
 0.00401006  0.00803701 -0.00421833
 0.00803701   0.0285262  -0.0144218
-0.00421833  -0.0144218  0.00757521
  0.0031679  0.00578697 -0.00335425
 0.00578697   0.0235986  -0.0130982
-0.00335425  -0.0130982   0.0075765
0.00256965 0.00387443 -0.0025413
0.00387443  0.0185368 -0.0115811
-0.0025413 -0.0115811 0.00757697
  0.0020935  0.00206509 -0.00163729
 0.00206509   0.0128718  -0.0095959
-0.00163729  -0.0095959  0.00757611
 0.00192084  0.00117415 -0.00117283
 0.00117415  0.00936068 -0.00811253
-0.00117283 -0.00811253  0.00764252
  0.00185283  0.000557449 -0.000691038
 0.000557449   0.00597352  -0.00638339
-0.000691038  -0.00638339   0.00764342
  0.00178336  0.000189424 -0.000349915
 0.000189424   0.00304342  -0.00437422
-0.000349915  -0.00437422    0.0075746
 0.00177142 7.67371e-05 -0.00013323
7.67371e-05  0.00130161 -0.00250333
-0.00013323 -0.00250333  0.00757581
  0.00177062  6.69589e-05 -6.21714e-05
 6.69589e-05  0.000492901 -0.000554497
-6.21714e-05 -0.000554497   0.00757578
  0.00177542  3.93455e-05 -0.000193397
 3.93455e-05  0.000729423   0.00145766
-0.000193397   0.00145766   0.00757431
  0.00182921 -0.000102319  -0.00045876
-0.000102319   0.00201772   0.00341519
 -0.00045876   0.00341519   0.00764435
   0.0018823 -0.000406757 -0.000842407
-0.000406757   0.00397356   0.00510083
-0.000842407   0.00510083   0.00764362
 0.00199256 -0.00110341 -0.00137391
-0.00110341  0.00702582  0.00696441
-0.00137391  0.00696441  0.00757694
 0.00225604 -0.00209682 -0.00198104
-0.00209682    0.010405  0.00858876
-0.00198104  0.00858876  0.00757751
 0.00267679 -0.00335339 -0.00263967
-0.00335339   0.0137578  0.00994597
-0.00263967  0.00994597  0.00757702
 0.00339898 -0.00535254 -0.00356283
-0.00535254   0.0189645   0.0116943
-0.00356283   0.0116943  0.00764506
 0.00472588 -0.00843222 -0.00476538
-0.00843222   0.0254786   0.0136054
-0.00476538   0.0136054   0.0076463
 0.00621225  -0.0114895 -0.00581144
 -0.0114895   0.0308701   0.0150133
-0.00581144   0.0150133  0.00757756
 0.00861424  -0.0156719 -0.00718867
 -0.0156719   0.0370217   0.0164736
-0.00718867   0.0164736  0.00757892
  0.0113549  -0.0198577 -0.00849967
 -0.0198577   0.0422411   0.0176136
-0.00849967   0.0176136  0.00757885
  0.0144331   -0.024443 -0.00977533
  -0.024443   0.0481768   0.0188205
-0.00977533   0.0188205  0.00757755
  0.018284  -0.029424 -0.0111535
 -0.029424  0.0535403  0.0198288
-0.0111535  0.0198288 0.00764784
 0.0233239 -0.0353597 -0.0127326
-0.0353597  0.0591631  0.0208536
-0.0127326  0.0208536 0.00764791
 0.0293915 -0.0417102 -0.0143954
-0.0417102  0.0639079  0.0216906
-0.0143954  0.0216906 0.00757912
   0.03769 -0.0494423 -0.0164205
-0.0494423   0.068807  0.0225075
-0.0164205  0.0225075 0.00758002
  0.043894 -0.0545037 -0.0177815
-0.0545037  0.0712214  0.0229005
-0.0177815  0.0229005 0.00757979
 0.0540778 -0.0620345 -0.0198052
-0.0620345  0.0742995   0.023395
-0.0198052   0.023395 0.00757804
 0.0624304 -0.0675539 -0.0213166
-0.0675539  0.0760366  0.0236421
-0.0213166  0.0236421 0.00764825
  0.074329  -0.074517 -0.0232915
 -0.074517  0.0772982  0.0238627
-0.0232915  0.0238627 0.00757837
 0.0885502 -0.0818604 -0.0254695
-0.0818604  0.0778974  0.0239537
-0.0254695  0.0239537 0.00758011
  0.100609 -0.0871774 -0.0271797
-0.0871774  0.0775568     0.0239
-0.0271797     0.0239 0.00758035
  0.115047  -0.092456 -0.0290943
 -0.092456  0.0761202  0.0236748
-0.0290943  0.0236748 0.00757933
   0.12858 -0.0961129 -0.0307647
-0.0961129  0.0734954  0.0232362
-0.0307647  0.0232362 0.00764804
  0.142025 -0.0992016 -0.0323528
-0.0992016  0.0708163  0.0228003
-0.0323528  0.0228003 0.00764863
  0.156514  -0.101596 -0.0339757
 -0.101596  0.0673628  0.0222588
-0.0339757  0.0222588 0.00757844
  0.174578  -0.102969 -0.0359014
 -0.102969   0.061985   0.021342
-0.0359014   0.021342 0.00757991
  0.193093  -0.103467 -0.0377753
 -0.103467  0.0566065  0.0203798
-0.0377753  0.0203798 0.00757962
  0.210611  -0.102024 -0.0394641
 -0.102024  0.0504638   0.019229
-0.0394641   0.019229 0.00757789
  0.223708  -0.100188 -0.0406591
 -0.100188  0.0458352  0.0183013
-0.0406591  0.0183013 0.00764779
   0.23685 -0.0970418 -0.0418426
-0.0970418  0.0406527  0.0172177
-0.0418426  0.0172177 0.00764737
  0.253522 -0.0920419 -0.0433058
-0.0920419  0.0342365  0.0158039
-0.0433058  0.0158039 0.00757881
  0.269732 -0.0858831 -0.0446787
-0.0858831  0.0281061  0.0142895
-0.0446787  0.0142895 0.00757937
  0.281883 -0.0790924  -0.045679
-0.0790924  0.0228914  0.0128673
 -0.045679  0.0128673  0.0075787
  0.293673  -0.070332 -0.0466071
 -0.070332  0.0175192  0.0112001
-0.0466071  0.0112001 0.00764644
  0.305469 -0.0603573 -0.0475348
-0.0603573  0.0125545 0.00941724
-0.0475348 0.00941724 0.00764728
  0.315198  -0.049606 -0.0483106
 -0.049606 0.00843546 0.00763428
-0.0483106 0.00763428 0.00757763
   0.32187 -0.0395089 -0.0488193
-0.0395089 0.00543226 0.00601294
-0.0488193 0.00601294 0.00757862
  0.327744 -0.0277245 -0.0492635
-0.0277245 0.00290985 0.00417338
-0.0492635 0.00417338 0.00757851
  0.332289 -0.0161481 -0.0496035
-0.0161481 0.00131621 0.00240914
-0.0496035 0.00240914 0.00757724
   0.335037 -0.00308046   -0.049787
-0.00308046 0.000545774 0.000454811
  -0.049787 0.000454811  0.00764561
   0.335098   0.0110236  -0.0497867
  0.0110236 0.000876647 -0.00165536
 -0.0497867 -0.00165536  0.00764491
   0.332278   0.0229797  -0.0496008
  0.0229797   0.0020999 -0.00343743
 -0.0496008 -0.00343743  0.00757787
    0.32913   0.0339098  -0.0493628
  0.0339098  0.00399465 -0.00510248
 -0.0493628 -0.00510248  0.00757842
  0.325295  0.0440522 -0.0490724
 0.0440522 0.00646721 -0.0066692
-0.0490724 -0.0066692 0.00757799
   0.319694   0.0528325  -0.0486459
  0.0528325   0.0092398 -0.00806917
 -0.0486459 -0.00806917  0.00757689
    0.31218   0.0620048  -0.0480492
  0.0620048   0.0128408 -0.00956792
 -0.0480492 -0.00956792  0.00764567
  0.301007  0.0728615 -0.0472052
 0.0728615  0.0181801 -0.0114567
-0.0472052 -0.0114567 0.00757771
  0.289649  0.0831312 -0.0462999
 0.0831312  0.0244238 -0.0133327
-0.0462999 -0.0133327 0.00757967
  0.276303  0.0916732 -0.0452131
 0.0916732  0.0310202 -0.0150585
-0.0452131 -0.0150585 0.00758006
  0.262261  0.0978188 -0.0440408
 0.0978188  0.0371292  -0.016497
-0.0440408  -0.016497 0.00757914
  0.245363    0.10405 -0.0425809
   0.10405  0.0448499 -0.0181272
-0.0425809 -0.0181272 0.00764832
  0.229557    0.10798 -0.0411735
   0.10798  0.0515885 -0.0194556
-0.0411735 -0.0194556 0.00764813
  0.215228   0.109941  -0.039888
  0.109941  0.0570614 -0.0204771
 -0.039888 -0.0204771 0.00757925
  0.199615   0.111412 -0.0383998
  0.111412  0.0631045 -0.0215548
-0.0383998 -0.0215548  0.0075802
  0.183278   0.111379 -0.0367818
  0.111379   0.068713 -0.0224978
-0.0367818 -0.0224978 0.00757985
  0.168178   0.110872 -0.0352218
  0.110872  0.0742797 -0.0233965
-0.0352218 -0.0233965 0.00757835
   0.15442   0.108949 -0.0337385
  0.108949  0.0781576 -0.0239773
-0.0337385 -0.0239773 0.00764857
  0.137341    0.10487 -0.0318155
   0.10487  0.0814786 -0.0245073
-0.0318155 -0.0245073 0.00757795
  0.124261   0.101457 -0.0302454
  0.101457   0.084343  -0.024939
-0.0302454  -0.024939 0.00757957
  0.109706  0.0965384 -0.0283933
 0.0965384  0.0865436  -0.025267
-0.0283933  -0.025267 0.00758022
 0.0970299  0.0913175 -0.0266778
 0.0913175  0.0878014 -0.0254475
-0.0266778 -0.0254475 0.00757967
 0.0846421  0.0853676 -0.0248982
 0.0853676   0.088233 -0.0254871
-0.0248982 -0.0254871 0.00764712
 0.0729009  0.0785121 -0.0230703
 0.0785121  0.0870205 -0.0253036
-0.0230703 -0.0253036 0.00764854
 0.0602581  0.0705038 -0.0209374
 0.0705038  0.0852316 -0.0250684
-0.0209374 -0.0250684 0.00757835
 0.0502617  0.0633661 -0.0190754
 0.0633661  0.0829614  -0.024729
-0.0190754  -0.024729 0.00757966
 0.0405542  0.0555351 -0.0170692
 0.0555351  0.0796568  -0.024227
-0.0170692  -0.024227 0.00757955
 0.0337528  0.0492474 -0.0155133
 0.0492474  0.0758899   -0.02364
-0.0155133   -0.02364 0.00757834
 0.0268765  0.0422221 -0.0137662
 0.0422221  0.0711858 -0.0228738
-0.0137662 -0.0228738 0.00764675
  0.022614  0.0371445 -0.0125495
 0.0371445  0.0664657 -0.0220916
-0.0125495 -0.0220916  0.0076467
 0.0173916  0.0306553  -0.010883
 0.0306553    0.06025 -0.0210503
 -0.010883 -0.0210503 0.00757742
  0.0133273   0.0249506 -0.00937133
  0.0249506   0.0539721  -0.0199155
-0.00937133  -0.0199155  0.00757833
  0.0100165   0.0197811 -0.00791642
  0.0197811    0.047649  -0.0187051
-0.00791642  -0.0187051  0.00757799
 0.00707593   0.0145341 -0.00638856
  0.0145341   0.0401088  -0.0171299
-0.00638856  -0.0171299  0.00764422
 0.0052784   0.010806 -0.0052077
  0.010806  0.0337017  -0.015678
-0.0052077  -0.015678  0.0076453
 0.00389223  0.00762439 -0.00410237
 0.00762439   0.0272052  -0.0140774
-0.00410237  -0.0140774  0.00757602
 0.00311687  0.00554097 -0.00331649
 0.00554097   0.0222997  -0.0127192
-0.00331649  -0.0127192   0.0075772
 0.00252949  0.00370341 -0.00256303
 0.00370341   0.0171419  -0.0111098
-0.00256303  -0.0111098  0.00757747
 0.00208016  0.00197627 -0.00169391
 0.00197627   0.0115415 -0.00905313
-0.00169391 -0.00905313  0.00757615
 0.00191876  0.00106359 -0.00117078
 0.00106359  0.00794278  -0.0074339
-0.00117078  -0.0074339  0.00764421
 0.00184124  0.00044352 -0.00071046
 0.00044352  0.00447644  -0.0054357
-0.00071046  -0.0054357  0.00764398
  0.00179183  0.000218489 -0.000462142
 0.000218489   0.00257254  -0.00396026
-0.000462142  -0.00396026   0.00757598
  0.00177538  7.28683e-05 -0.000263033
 7.28683e-05  0.000863041  -0.00174412
-0.000263033  -0.00174412   0.00757697
  0.00177455  4.09094e-05 -0.000202594
 4.09094e-05  0.000443888 -8.40937e-05
-0.000202594 -8.40937e-05    0.0075765
  0.00178708 -1.66076e-05 -0.000394952
-1.66076e-05  0.000967187    0.0019725
-0.000394952    0.0019725   0.00757469
  0.00183768 -0.000180323 -0.000629784
-0.000180323   0.00250195   0.00389014
-0.000629784   0.00389014   0.00764513
  0.00188621 -0.000557213 -0.000980233
-0.000557213   0.00441432   0.00541153
-0.000980233   0.00541153   0.00757588
 0.00204015  -0.0012803 -0.00150187
 -0.0012803  0.00749284  0.00722459
-0.00150187  0.00722459  0.00757749
 0.00235665 -0.00242538  -0.0021656
-0.00242538   0.0113432  0.00899384
 -0.0021656  0.00899384   0.0075778
 0.00296295 -0.00427866 -0.00305381
-0.00427866    0.016563   0.0109417
-0.00305381   0.0109417  0.00757651
 0.00385884 -0.00649644 -0.00399954
-0.00649644   0.0217468   0.0125619
-0.00399954   0.0125619  0.00764587
 0.00525496 -0.00947473 -0.00513888
-0.00947473   0.0273449   0.0141224
-0.00513888   0.0141224  0.00764566
  0.0067878   -0.012538 -0.00617962
  -0.012538   0.0324025   0.0153884
-0.00617962   0.0153884  0.00757764
0.00892378 -0.0162302 -0.0073768
-0.0162302  0.0377727  0.0166331
-0.0073768  0.0166331 0.00757856
  0.0119399  -0.0208372 -0.00878187
 -0.0208372   0.0436069   0.0178891
-0.00878187   0.0178891  0.00757832
 0.0161866 -0.0267464 -0.0104379
-0.0267464  0.0505247  0.0192737
-0.0104379  0.0192737 0.00757637
 0.0199882 -0.0314295 -0.0117167
-0.0314295  0.0552962  0.0201525
-0.0117167  0.0201525 0.00764705
 0.0249841 -0.0369608 -0.0132235
-0.0369608  0.0598893  0.0209746
-0.0132235  0.0209746 0.00764633
  0.031158 -0.0432759 -0.0148428
-0.0432759  0.0647066  0.0218309
-0.0148428  0.0218309 0.00757882
 0.0392542 -0.0508276 -0.0167636
-0.0508276  0.0698171  0.0226815
-0.0167636  0.0226815 0.00757923
 0.0470099 -0.0569761 -0.0184188
-0.0569761  0.0725534    0.02312
-0.0184188    0.02312 0.00757855
 0.0573467 -0.0642695 -0.0203995
-0.0642695  0.0752294  0.0235236
-0.0203995  0.0235236 0.00764666
 0.0666483 -0.0701755 -0.0220404
-0.0701755  0.0766808  0.0237417
-0.0220404  0.0237417 0.00764736
 0.0786218  -0.076705 -0.0239677
 -0.076705  0.0772876   0.023859
-0.0239677   0.023859 0.00757826
 0.0915406 -0.0832226 -0.0259027
-0.0832226  0.0778379  0.0239446
-0.0259027  0.0239446 0.00757947
  0.103677 -0.0885759 -0.0275968
-0.0885759  0.0776457   0.023915
-0.0275968   0.023915 0.00757942
  0.116046 -0.0925212 -0.0292214
-0.0925212  0.0755541  0.0235862
-0.0292214  0.0235862  0.0075785
  0.130535  -0.096341  -0.031001
 -0.096341   0.072741  0.0231149
 -0.031001  0.0231149 0.00764709
  0.146111  -0.099868 -0.0328211
 -0.099868  0.0697803  0.0226293
-0.0328211  0.0226293 0.00764721
  0.162518  -0.102241 -0.0346281
 -0.102241  0.0657109  0.0219807
-0.0346281  0.0219807 0.00757838
  0.178969  -0.103422 -0.0363525
 -0.103422  0.0609743  0.0211688
-0.0363525  0.0211688 0.00757923
  0.192335   -0.10319 -0.0376993
  -0.10319  0.0565105  0.0203653
-0.0376993  0.0203653 0.00757899
  0.209335  -0.102041 -0.0393428
 -0.102041  0.0507738  0.0192916
-0.0393428  0.0192916 0.00757743
  0.224635 -0.0991319 -0.0407451
-0.0991319  0.0447185  0.0180698
-0.0407451  0.0180698 0.00764677
  0.238977  -0.096162  -0.042039
 -0.096162  0.0395752  0.0170145
 -0.042039  0.0170145 0.00757674
  0.258778 -0.0896731 -0.0437569
-0.0896731  0.0318666  0.0152379
-0.0437569  0.0152379 0.00757884
  0.271848 -0.0833416  -0.044853
-0.0833416  0.0262674  0.0138115
 -0.044853  0.0138115 0.00757903
  0.283846 -0.0758843 -0.0458389
-0.0758843  0.0209815   0.012299
-0.0458389   0.012299 0.00757797
  0.295528 -0.0677518 -0.0467535
-0.0677518  0.0161815  0.0107543
-0.0467535  0.0107543 0.00764648
  0.305372 -0.0584307 -0.0475276
-0.0584307  0.0117989 0.00911419
-0.0475276 0.00911419 0.00764675
  0.315067 -0.0481159 -0.0483004
-0.0481159 0.00794787  0.0074051
-0.0483004  0.0074051 0.00757797
  0.321894  -0.037545 -0.0488211
 -0.037545 0.00493871 0.00571255
-0.0488211 0.00571255 0.00757888
  0.328227 -0.0260627 -0.0492993
-0.0260627 0.00259356 0.00392416
-0.0492993 0.00392416  0.0075786
  0.332185 -0.0148988  -0.049596
-0.0148988 0.00117409 0.00222356
 -0.049596 0.00222356 0.00757723
   0.333838 -0.00242814   -0.049697
-0.00242814 0.000513039  0.00035777
  -0.049697  0.00035777  0.00764616
   0.333438   0.0116731  -0.0496904
  0.0116731  0.00090247 -0.00173574
 -0.0496904 -0.00173574  0.00757672
    0.33177   0.0260238  -0.0495639
  0.0260238  0.00252601 -0.00389661
 -0.0495639 -0.00389661  0.00757855
   0.328298   0.0370264  -0.0493008
  0.0370264  0.00465582 -0.00557992
 -0.0493008 -0.00557992  0.00757879
   0.324163   0.0451321  -0.0489867
  0.0451321   0.0067612 -0.00684556
 -0.0489867 -0.00684556  0.00757828
  0.317149  0.0572918 -0.0484346
 0.0572918  0.0108428 -0.0087796
-0.0484346 -0.0087796  0.0076457
  0.308002  0.0683274 -0.0477241
 0.0683274  0.0157048 -0.0106225
-0.0477241 -0.0106225 0.00764668
   0.29714  0.0779417 -0.0468988
 0.0779417  0.0210111 -0.0123397
-0.0468988 -0.0123397 0.00757803
  0.284818  0.0873473 -0.0459096
 0.0873473  0.0273818 -0.0141298
-0.0459096 -0.0141298 0.00757926
  0.271654   0.095188 -0.0448297
  0.095188  0.0339932 -0.0157716
-0.0448297 -0.0157716 0.00757903
  0.257765    0.10162 -0.0436615
   0.10162  0.0407493 -0.0172908
-0.0436615 -0.0172908 0.00757747
  0.242206   0.107141 -0.0423062
  0.107141  0.0481483 -0.0187909
-0.0423062 -0.0187909  0.0076476
  0.231323   0.109446 -0.0413399
  0.109446   0.052624 -0.0196461
-0.0413399 -0.0196461 0.00764713
  0.215377   0.111509 -0.0399031
  0.111509  0.0586428 -0.0207627
-0.0399031 -0.0207627  0.0075784
  0.198595   0.112713 -0.0383044
  0.112713  0.0649371 -0.0218641
-0.0383044 -0.0218641 0.00757929
  0.182366   0.112016  -0.036693
  0.112016   0.069877 -0.0226861
 -0.036693 -0.0226861 0.00757894
  0.165601   0.110387 -0.0349493
  0.110387  0.0747197 -0.0234454
-0.0349493 -0.0234454  0.0076464
  0.148928   0.107806 -0.0331225
  0.107806   0.079301 -0.0241563
-0.0331225 -0.0241563 0.00764774
  0.133387   0.104629  -0.031348
  0.104629  0.0834741 -0.0248119
 -0.031348 -0.0248119 0.00757776
  0.119017   0.100169 -0.0295912
  0.100169   0.085869 -0.0251658
-0.0295912 -0.0251658 0.00757912
  0.106311  0.0957499 -0.0279456
 0.0957499  0.0879354 -0.0254691
-0.0279456 -0.0254691 0.00757931
 0.0919787   0.089297 -0.0259629
  0.089297   0.088671 -0.0255742
-0.0259629 -0.0255742 0.00757834
 0.0780056  0.0823482 -0.0238828
 0.0823482  0.0892528 -0.0256353
-0.0238828 -0.0256353 0.00764724
 0.0650918   0.074652 -0.0217722
  0.074652  0.0882412 -0.0254829
-0.0217722 -0.0254829 0.00764677
