# UTIAS Multi-Robot Cooperative Localization and Mapping Dataset
# produced by Keith Leung (keith.leung@robotics.utias.utoronto.ca) 2009
# Measurement Data Fomat:
# Time [s]    Subject #    range [m]    bearing [rad] 
1248294062.755 	   5 	  2.246 	 -0.152 
1248294062.755 	  72 	  1.300 	 -0.028 
1248294062.996 	  72 	  1.279 	  0.095 
1248294063.240 	  72 	  1.263 	  0.181 
1248294063.482 	  72 	  1.217 	  0.307 
1248294063.737 	   9 	  2.738 	 -0.176 
1248294063.737 	   5 	  2.138 	  0.246 
1248294063.737 	  72 	  1.182 	  0.384 
1248294063.972 	   9 	  2.777 	 -0.041 
1248294063.972 	   5 	  2.045 	  0.365 
1248294063.972 	  72 	  1.110 	  0.518 
1248294064.205 	   9 	  2.754 	  0.030 
1248294064.205 	   5 	  1.983 	  0.441 
1248294064.205 	  45 	  3.267 	  0.559 
1248294064.438 	   9 	  2.705 	  0.152 
1248294064.439 	   5 	  1.856 	  0.554 
1248294064.670 	   9 	  2.682 	  0.201 
1248294064.899 	   9 	  2.675 	  0.242 
1248294065.359 	   9 	  2.546 	  0.365 
1248294065.586 	  63 	  3.165 	 -0.148 
1248294065.586 	   9 	  2.489 	  0.416 
1248294065.839 	  63 	  3.162 	 -0.110 
1248294065.839 	   9 	  2.443 	  0.452 
1248294066.111 	  63 	  3.162 	 -0.060 
1248294066.111 	   9 	  2.364 	  0.512 
1248294066.340 	   9 	  2.352 	  0.507 
1248294066.491 	   9 	  2.352 	  0.507 
1248294066.642 	   9 	  2.352 	  0.507 
1248294066.871 	   9 	  2.280 	  0.538 
1248294067.787 	   9 	  2.252 	  0.525 
1248294068.700 	   9 	  2.174 	  0.549 
1248294068.930 	   9 	  2.171 	  0.543 
1248294069.159 	   9 	  2.123 	  0.571 
1248294069.846 	   9 	  2.100 	  0.560 
1248294070.074 	   9 	  2.085 	  0.562 
1248294070.225 	   9 	  2.085 	  0.562 
1248294070.376 	   9 	  2.085 	  0.562 
1248294070.605 	   9 	  2.059 	  0.564 
1248294070.835 	   9 	  2.056 	  0.567 
1248294071.063 	   9 	  2.042 	  0.570 
1248294071.292 	   9 	  2.026 	  0.569 
1248294071.520 	   9 	  2.013 	  0.572 
1248294071.749 	  63 	  2.746 	 -0.066 
1248294071.977 	  63 	  2.734 	 -0.065 
1248294072.207 	  63 	  2.730 	 -0.065 
1248294072.436 	  63 	  2.708 	 -0.061 
1248294072.661 	  63 	  2.690 	 -0.076 
1248294072.889 	   9 	  1.949 	  0.562 
1248294073.118 	  63 	  2.681 	 -0.111 
1248294073.804 	   9 	  1.942 	  0.528 
1248294074.264 	   9 	  1.922 	  0.533 
1248294074.723 	   9 	  1.918 	  0.515 
1248294074.952 	   9 	  1.926 	  0.465 
1248294075.182 	   9 	  1.918 	  0.465 
1248294075.413 	   9 	  1.901 	  0.470 
1248294075.642 	   9 	  1.873 	  0.480 
1248294075.873 	   9 	  1.872 	  0.478 
1248294076.365 	   9 	  1.871 	  0.436 
1248294076.593 	   9 	  1.899 	  0.377 
1248294076.822 	   9 	  1.921 	  0.327 
1248294077.051 	   9 	  1.963 	  0.203 
1248294077.511 	   9 	  1.964 	  0.064 
1248294077.742 	  45 	  2.926 	  0.496 
1248294077.973 	  45 	  3.033 	  0.415 
1248294078.204 	  45 	  3.099 	  0.330 
1248294078.436 	  45 	  3.162 	  0.254 
1248294078.666 	  45 	  3.225 	  0.090 
1248294078.896 	  45 	  3.231 	 -0.033 
1248294079.808 	  90 	  2.556 	  0.542 
1248294080.037 	  90 	  2.629 	  0.475 
1248294080.265 	  90 	  2.714 	  0.387 
1248294080.491 	  90 	  2.760 	  0.356 
1248294080.718 	  90 	  2.801 	  0.303 
1248294080.946 	  90 	  2.806 	  0.291 
1248294081.171 	  90 	  2.754 	  0.364 
1248294081.400 	  90 	  2.722 	  0.380 
1248294081.629 	  90 	  2.739 	  0.381 
1248294081.857 	  90 	  2.738 	  0.377 
1248294082.086 	  90 	  2.753 	  0.346 
1248294082.314 	  90 	  2.733 	  0.368 
1248294082.773 	  90 	  2.629 	  0.483 
1248294083.005 	  90 	  2.626 	  0.482 
1248294083.236 	  90 	  2.636 	  0.467 
1248294083.467 	  90 	  2.668 	  0.451 
1248294083.924 	  90 	  2.518 	  0.566 
1248294084.156 	  90 	  2.527 	  0.563 
1248294084.388 	  90 	  2.525 	  0.556 
1248294084.620 	  90 	  2.564 	  0.539 
1248294084.849 	  90 	  2.535 	  0.554 
1248294087.900 	  45 	  3.196 	 -0.205 
1248294088.132 	  45 	  3.196 	 -0.206 
1248294088.363 	  45 	  3.196 	 -0.212 
1248294088.596 	  45 	  3.162 	 -0.250 
1248294089.054 	  45 	  3.221 	 -0.137 
1248294089.279 	  45 	  3.229 	 -0.136 
1248294089.512 	  45 	  3.238 	 -0.138 
1248294089.743 	  45 	  3.207 	 -0.151 
1248294089.971 	  45 	  3.222 	 -0.154 
1248294090.199 	  45 	  3.231 	 -0.081 
1248294090.431 	  45 	  3.239 	 -0.041 
1248294090.663 	  45 	  3.238 	 -0.041 
1248294090.895 	  45 	  3.237 	 -0.046 
1248294091.126 	  45 	  3.259 	 -0.076 
1248294091.354 	  45 	  3.231 	 -0.052 
1248294091.582 	  45 	  3.267 	  0.036 
1248294091.815 	  45 	  3.236 	  0.035 
1248294092.047 	  45 	  3.251 	  0.031 
1248294092.279 	  45 	  3.272 	  0.016 
1248294092.511 	  45 	  3.248 	 -0.001 
1248294092.742 	  45 	  3.256 	  0.036 
1248294093.209 	  45 	  3.242 	  0.117 
1248294093.442 	  45 	  3.235 	  0.111 
1248294093.674 	  45 	  3.264 	  0.073 
1248294093.907 	  45 	  3.236 	  0.042 
1248294094.139 	  45 	  3.267 	  0.048 
1248294094.370 	  45 	  3.231 	  0.151 
1248294094.597 	  45 	  3.231 	  0.148 
1248294094.825 	  45 	  3.234 	  0.146 
1248294095.054 	  45 	  3.234 	  0.130 
1248294095.384 	  45 	  3.246 	  0.094 
1248294095.615 	  45 	  3.247 	  0.087 
1248294095.857 	  45 	  3.243 	  0.087 
1248294096.136 	  45 	  3.244 	  0.087 
1248294096.361 	  45 	  3.240 	  0.091 
1248294096.590 	  45 	  3.203 	  0.160 
1248294096.815 	  45 	  3.162 	  0.260 
1248294097.047 	  45 	  3.166 	  0.270 
1248294097.276 	  45 	  3.169 	  0.270 
1248294097.507 	  45 	  3.164 	  0.270 
1248294097.738 	  45 	  3.160 	  0.265 
1248294097.964 	  45 	  3.162 	  0.274 
1248294098.194 	  45 	  3.106 	  0.348 
1248294098.430 	  45 	  3.061 	  0.397 
1248294098.667 	   9 	  1.926 	 -0.169 
1248294098.668 	  45 	  3.054 	  0.396 
1248294098.903 	   9 	  1.918 	 -0.177 
1248294098.903 	  45 	  3.074 	  0.379 
1248294099.143 	   9 	  1.909 	 -0.209 
1248294099.143 	  45 	  3.101 	  0.342 
1248294099.377 	   9 	  1.915 	 -0.191 
1248294099.378 	  45 	  3.080 	  0.377 
1248294099.622 	   9 	  1.927 	 -0.105 
1248294099.622 	  45 	  2.977 	  0.466 
1248294099.886 	   9 	  1.940 	 -0.092 
1248294099.886 	  45 	  2.979 	  0.472 
1248294100.122 	   9 	  1.936 	 -0.099 
1248294100.123 	  45 	  2.984 	  0.463 
1248294100.378 	  45 	  3.013 	  0.438 
1248294100.619 	   9 	  1.933 	 -0.111 
1248294100.619 	  45 	  3.007 	  0.441 
1248294100.889 	  45 	  2.846 	  0.550 
1248294101.133 	   9 	  1.948 	 -0.011 
1248294101.133 	  45 	  2.863 	  0.551 
1248294101.373 	   9 	  1.948 	 -0.014 
1248294101.373 	  45 	  2.867 	  0.548 
1248294101.610 	   9 	  1.945 	 -0.026 
1248294101.610 	  45 	  2.884 	  0.535 
1248294101.849 	   9 	  1.948 	 -0.045 
1248294101.849 	  45 	  2.905 	  0.517 
1248294102.080 	   9 	  1.948 	  0.024 
1248294102.316 	   9 	  1.946 	  0.077 
1248294102.554 	   9 	  1.946 	  0.077 
1248294102.791 	   9 	  1.947 	  0.076 
1248294103.026 	   9 	  1.942 	  0.060 
1248294103.261 	  45 	  2.843 	  0.558 
1248294103.496 	  45 	  2.844 	  0.558 
1248294103.728 	   9 	  1.951 	  0.050 
1248294103.962 	   9 	  1.941 	  0.205 
1248294104.198 	   9 	  1.925 	  0.183 
1248294104.432 	   9 	  1.923 	  0.178 
1248294104.664 	   9 	  1.933 	  0.146 
1248294104.897 	   9 	  1.941 	  0.120 
1248294105.128 	   9 	  1.945 	  0.070 
1248294105.369 	   9 	  1.944 	  0.057 
1248294105.837 	   9 	  1.903 	  0.239 
1248294106.112 	   9 	  1.893 	  0.272 
1248294106.346 	   9 	  1.897 	  0.269 
1248294106.576 	   9 	  1.915 	  0.251 
1248294106.809 	   9 	  1.923 	  0.219 
1248294107.041 	   9 	  1.931 	  0.166 
1248294107.271 	   9 	  1.933 	  0.151 
1248294107.499 	   9 	  1.917 	  0.202 
1248294107.732 	   9 	  1.911 	  0.251 
1248294107.966 	   9 	  1.903 	  0.252 
1248294108.200 	   9 	  1.913 	  0.243 
1248294108.432 	   9 	  1.920 	  0.219 
1248294108.660 	   9 	  1.904 	  0.250 
1248294108.893 	   9 	  1.864 	  0.336 
1248294109.126 	   9 	  1.868 	  0.337 
1248294109.359 	   9 	  1.871 	  0.331 
1248294109.590 	   9 	  1.880 	  0.309 
1248294109.820 	   9 	  1.901 	  0.288 
1248294110.052 	   9 	  1.912 	  0.249 
1248294110.281 	   9 	  1.871 	  0.321 
1248294110.510 	   9 	  1.816 	  0.429 
1248294110.742 	   9 	  1.781 	  0.479 
1248294110.972 	   9 	  1.768 	  0.492 
1248294111.203 	   9 	  1.776 	  0.488 
1248294111.432 	   9 	  1.795 	  0.460 
1248294111.661 	   9 	  1.835 	  0.399 
1248294111.891 	   9 	  1.861 	  0.361 
1248294112.120 	   9 	  1.848 	  0.384 
1248294112.346 	   9 	  1.795 	  0.456 
1248294112.575 	  63 	  2.368 	 -0.186 
1248294112.806 	   9 	  1.704 	  0.568 
1248294113.038 	   9 	  1.689 	  0.567 
1248294113.268 	   9 	  1.718 	  0.555 
1248294113.497 	   9 	  1.740 	  0.534 
1248294113.728 	   9 	  1.776 	  0.498 
1248294114.407 	  63 	  2.389 	 -0.059 
1248294114.637 	  63 	  2.396 	 -0.060 
1248294114.866 	  63 	  2.396 	 -0.060 
1248294115.091 	  63 	  2.386 	 -0.104 
1248294115.321 	  63 	  2.377 	 -0.129 
1248294115.548 	  63 	  2.368 	 -0.127 
1248294115.774 	  63 	  2.386 	 -0.010 
1248294116.269 	  63 	  2.384 	  0.101 
1248294116.498 	  63 	  2.382 	  0.098 
1248294116.727 	  63 	  2.378 	  0.083 
1248294116.956 	  63 	  2.391 	  0.063 
1248294117.180 	  63 	  2.370 	  0.148 
1248294117.410 	  63 	  2.369 	  0.183 
1248294117.641 	  63 	  2.373 	  0.181 
1248294117.868 	  63 	  2.359 	  0.172 
1248294118.096 	  63 	  2.387 	  0.130 
1248294118.323 	  63 	  2.374 	  0.149 
1248294118.547 	  63 	  2.353 	  0.217 
1248294118.769 	  63 	  2.344 	  0.225 
1248294118.991 	  63 	  2.366 	  0.215 
1248294119.882 	  63 	  2.354 	  0.180 
1248294120.106 	  63 	  2.358 	  0.172 
1248294120.332 	  63 	  2.361 	  0.172 
1248294120.556 	  63 	  2.355 	  0.172 
1248294120.782 	  63 	  2.345 	  0.172 
1248294121.006 	  63 	  2.351 	  0.172 
1248294121.230 	  63 	  2.356 	  0.172 
1248294121.455 	  63 	  2.355 	  0.172 
1248294121.679 	  63 	  2.355 	  0.172 
1248294121.903 	  63 	  2.350 	  0.172 
1248294122.127 	  63 	  2.353 	  0.172 
1248294122.352 	  63 	  2.356 	  0.171 
1248294122.577 	  63 	  2.355 	  0.172 
1248294122.813 	  63 	  2.354 	  0.172 
1248294123.054 	  63 	  2.352 	  0.172 
1248294123.290 	  63 	  2.352 	  0.172 
1248294123.526 	  63 	  2.355 	  0.172 
1248294123.766 	  63 	  2.355 	  0.172 
1248294123.995 	  63 	  2.355 	  0.172 
1248294124.224 	  63 	  2.355 	  0.172 
1248294124.454 	  63 	  2.353 	  0.172 
1248294124.683 	  63 	  2.353 	  0.172 
1248294124.913 	  63 	  2.355 	  0.172 
1248294125.150 	  63 	  2.355 	  0.172 
1248294125.384 	  63 	  2.350 	  0.193 
1248294125.615 	  63 	  2.314 	  0.249 
1248294126.134 	  63 	  2.154 	  0.444 
1248294126.362 	  63 	  2.018 	  0.571 
1248294126.589 	  27 	  3.973 	  0.104 
1248294127.050 	  27 	  3.817 	  0.271 
1248294127.281 	  27 	  3.674 	  0.380 
1248294127.744 	  61 	  3.065 	 -0.070 
1248294127.972 	  81 	  2.005 	  0.380 
1248294127.972 	  27 	  3.504 	  0.479 
1248294128.658 	  25 	  6.473 	  0.022 
1248294128.889 	  81 	  1.983 	  0.396 
1248294128.889 	  27 	  3.473 	  0.489 
1248294129.120 	  61 	  3.033 	 -0.050 
1248294129.120 	  27 	  3.469 	  0.491 
1248294129.350 	  23 	  1.367 	  0.205 
1248294129.350 	  27 	  3.497 	  0.490 
1248294129.580 	  23 	  1.344 	  0.217 
1248294129.580 	  27 	  3.501 	  0.491 
1248294129.811 	  25 	  6.624 	  0.021 
1248294129.811 	  27 	  3.473 	  0.491 
1248294130.041 	  23 	  1.314 	  0.219 
1248294130.041 	  27 	  3.484 	  0.491 
1248294130.272 	  81 	  1.987 	  0.396 
1248294130.272 	  27 	  3.480 	  0.491 
1248294130.504 	  25 	  6.624 	  0.022 
1248294130.504 	  27 	  3.501 	  0.490 
1248294130.734 	  25 	  6.624 	  0.009 
1248294130.734 	  27 	  3.485 	  0.492 
1248294130.966 	  81 	  1.985 	  0.399 
1248294130.966 	  27 	  3.487 	  0.491 
1248294131.197 	  81 	  1.984 	  0.408 
1248294131.197 	  27 	  3.482 	  0.491 
1248294131.427 	  81 	  1.997 	  0.408 
1248294131.427 	  27 	  3.481 	  0.491 
1248294131.661 	  81 	  1.984 	  0.416 
1248294131.662 	  27 	  3.491 	  0.491 
1248294131.899 	  81 	  2.000 	  0.421 
1248294131.899 	  27 	  3.486 	  0.490 
1248294132.134 	  27 	  3.485 	  0.491 
1248294132.373 	  27 	  3.484 	  0.491 
1248294132.608 	  27 	  3.485 	  0.490 
1248294132.848 	  27 	  3.486 	  0.491 
1248294133.078 	  27 	  3.491 	  0.490 
1248294133.309 	  27 	  3.489 	  0.491 
1248294133.539 	  81 	  1.975 	  0.405 
1248294133.539 	  27 	  3.487 	  0.491 
1248294133.770 	  27 	  3.468 	  0.497 
1248294134.004 	  27 	  3.499 	  0.501 
1248294134.245 	  61 	  3.022 	 -0.051 
1248294134.245 	  27 	  3.499 	  0.502 
1248294134.717 	  61 	  3.033 	  0.029 
1248294134.954 	  61 	  3.003 	  0.109 
1248294134.954 	  81 	  1.837 	  0.557 
1248294135.190 	  61 	  2.938 	  0.233 
1248294135.428 	  61 	  2.887 	  0.317 
1248294135.905 	   7 	  4.056 	 -0.078 
1248294135.905 	   5 	  1.739 	  0.214 
1248294135.905 	  61 	  2.725 	  0.448 
1248294136.180 	  61 	  2.661 	  0.492 
1248294136.180 	  25 	  5.697 	  0.561 
1248294136.417 	  61 	  2.547 	  0.563 
1248294136.655 	  36 	  4.709 	  0.498 
1248294136.900 	   5 	  1.677 	  0.383 
1248294137.137 	   5 	  1.681 	  0.385 
1248294137.374 	   5 	  1.667 	  0.391 
1248294137.612 	   5 	  1.673 	  0.391 
1248294137.851 	   5 	  1.662 	  0.394 
1248294138.089 	  36 	  4.658 	  0.500 
1248294138.328 	  36 	  4.602 	  0.512 
1248294138.567 	   5 	  1.675 	  0.394 
1248294138.805 	   5 	  1.669 	  0.396 
1248294139.044 	   5 	  1.666 	  0.396 
1248294139.044 	  36 	  4.588 	  0.510 
1248294139.521 	  36 	  4.530 	  0.522 
1248294139.759 	   5 	  1.669 	  0.397 
1248294139.760 	  36 	  4.460 	  0.521 
1248294139.997 	  36 	  4.460 	  0.521 
1248294140.236 	  36 	  4.460 	  0.517 
1248294140.476 	   5 	  1.693 	  0.384 
1248294140.714 	   5 	  1.678 	  0.384 
1248294140.952 	   5 	  1.679 	  0.383 
1248294141.191 	   5 	  1.673 	  0.384 
1248294141.428 	  14 	  3.196 	  0.442 
1248294141.428 	  36 	  4.460 	  0.524 
1248294141.666 	   5 	  1.681 	  0.376 
1248294141.903 	  14 	  3.196 	  0.431 
1248294141.903 	  36 	  4.363 	  0.531 
1248294142.136 	   5 	  1.721 	  0.316 
1248294142.375 	  36 	  4.530 	  0.444 
1248294142.613 	  14 	  3.200 	  0.341 
1248294142.613 	  61 	  2.297 	  0.572 
1248294142.851 	  14 	  3.171 	  0.343 
1248294142.851 	  36 	  4.541 	  0.449 
1248294143.085 	   5 	  1.746 	  0.259 
1248294143.323 	  14 	  3.201 	  0.250 
1248294143.323 	  61 	  2.308 	  0.519 
1248294143.563 	   7 	  3.626 	 -0.105 
1248294143.563 	  61 	  2.290 	  0.520 
1248294143.802 	  61 	  2.280 	  0.518 
1248294144.040 	  14 	  3.104 	  0.237 
1248294144.040 	  36 	  4.677 	  0.360 
1248294144.278 	   5 	  1.790 	  0.168 
1248294144.278 	  61 	  2.267 	  0.523 
1248294144.750 	  61 	  2.318 	  0.449 
1248294144.987 	  14 	  3.041 	  0.146 
1248294144.987 	  61 	  2.311 	  0.448 
1248294145.226 	   7 	  3.499 	 -0.182 
1248294145.226 	   5 	  1.808 	  0.070 
1248294145.226 	  14 	  3.033 	  0.143 
1248294145.226 	  36 	  4.677 	  0.281 
1248294145.226 	  61 	  2.295 	  0.449 
1248294145.470 	   5 	  1.811 	  0.065 
1248294145.470 	  14 	  3.008 	  0.139 
1248294145.470 	  36 	  4.630 	  0.279 
1248294145.470 	  61 	  2.289 	  0.450 
1248294145.702 	  36 	  4.677 	  0.250 
1248294145.703 	  61 	  2.297 	  0.421 
1248294146.239 	  36 	  4.741 	  0.202 
1248294146.239 	  61 	  2.318 	  0.379 
1248294146.475 	  61 	  2.320 	  0.395 
1248294146.712 	  36 	  4.653 	  0.204 
1248294146.712 	  61 	  2.304 	  0.382 
1248294146.950 	  61 	  2.299 	  0.381 
1248294147.187 	  36 	  4.677 	  0.202 
1248294147.187 	  61 	  2.281 	  0.383 
1248294147.423 	  36 	  4.634 	  0.202 
1248294147.423 	  61 	  2.274 	  0.383 
1248294147.661 	  70 	  5.813 	  0.054 
1248294147.661 	  61 	  2.260 	  0.383 
1248294148.135 	  70 	  5.813 	  0.045 
1248294148.135 	  61 	  2.237 	  0.388 
1248294148.373 	  14 	  2.751 	  0.024 
1248294148.373 	  61 	  2.221 	  0.389 
1248294148.609 	  36 	  4.584 	  0.193 
1248294148.609 	  61 	  2.219 	  0.390 
1248294148.845 	  25 	  5.697 	  0.362 
1248294149.083 	  36 	  4.530 	  0.195 
1248294149.083 	  61 	  2.196 	  0.394 
1248294149.320 	  36 	  4.566 	  0.197 
1248294149.320 	  61 	  2.203 	  0.395 
1248294149.558 	  14 	  2.689 	  0.005 
1248294149.558 	  61 	  2.185 	  0.399 
1248294149.796 	  36 	  4.530 	  0.207 
1248294149.796 	  61 	  2.163 	  0.403 
1248294150.033 	  70 	  5.813 	  0.054 
1248294150.033 	  61 	  2.168 	  0.409 
1248294150.270 	  70 	  5.813 	  0.053 
1248294150.270 	  61 	  2.156 	  0.407 
1248294150.749 	  70 	  5.697 	  0.061 
1248294150.749 	  61 	  2.125 	  0.412 
1248294150.987 	  70 	  5.697 	  0.059 
1248294150.987 	  61 	  2.110 	  0.414 
1248294151.224 	  70 	  5.697 	  0.060 
1248294151.224 	  61 	  2.106 	  0.415 
1248294151.463 	  70 	  5.697 	  0.061 
1248294151.463 	  61 	  2.095 	  0.417 
1248294151.700 	  70 	  5.697 	  0.060 
1248294151.700 	  61 	  2.082 	  0.417 
1248294151.937 	  70 	  5.697 	  0.056 
1248294151.937 	  61 	  2.074 	  0.419 
1248294152.174 	  36 	  4.460 	  0.203 
1248294152.174 	  61 	  2.077 	  0.417 
1248294152.411 	  70 	  5.697 	  0.053 
1248294152.411 	  61 	  2.063 	  0.418 
1248294152.648 	  70 	  5.697 	  0.055 
1248294152.648 	  61 	  2.049 	  0.419 
1248294152.882 	  70 	  5.585 	  0.051 
1248294152.882 	  61 	  2.035 	  0.421 
1248294153.115 	  61 	  2.080 	  0.365 
1248294153.350 	   5 	  1.795 	 -0.094 
1248294153.582 	  61 	  2.123 	  0.278 
1248294153.813 	  61 	  2.138 	  0.187 
1248294154.046 	  61 	  2.139 	  0.122 
1248294154.046 	  54 	  6.473 	  0.296 
1248294154.046 	  16 	  4.833 	  0.405 
1248294154.282 	  25 	  5.813 	  0.010 
1248294154.282 	  61 	  2.138 	  0.068 
1248294154.283 	  54 	  6.473 	  0.236 
1248294154.283 	  16 	  4.842 	  0.345 
1248294154.283 	  41 	  3.541 	  0.422 
1248294154.520 	  61 	  2.126 	  0.044 
1248294154.520 	  16 	  4.916 	  0.325 
1248294154.520 	  41 	  3.528 	  0.399 
1248294154.758 	  25 	  5.697 	 -0.026 
1248294154.758 	  54 	  6.624 	  0.217 
1248294154.758 	  16 	  4.839 	  0.320 
1248294154.758 	  41 	  3.520 	  0.392 
1248294155.231 	  25 	  5.654 	 -0.031 
1248294155.231 	  61 	  2.072 	  0.022 
1248294155.232 	  54 	  6.473 	  0.193 
1248294155.232 	  16 	  4.839 	  0.310 
1248294155.232 	  41 	  3.458 	  0.376 
1248294155.471 	  16 	  4.916 	  0.319 
1248294155.709 	  61 	  2.044 	  0.042 
1248294155.710 	  16 	  4.833 	  0.332 
1248294155.710 	  41 	  3.379 	  0.395 
1248294155.953 	  16 	  4.754 	  0.339 
1248294155.953 	  41 	  3.379 	  0.399 
1248294156.230 	  16 	  4.762 	  0.335 
1248294156.230 	  41 	  3.337 	  0.400 
1248294156.464 	  54 	  6.329 	  0.229 
1248294156.464 	  41 	  3.303 	  0.407 
1248294156.931 	  16 	  4.747 	  0.363 
1248294156.931 	  41 	  3.224 	  0.423 
1248294157.159 	  54 	  6.329 	  0.246 
1248294157.159 	  41 	  3.171 	  0.428 
1248294157.392 	  54 	  6.345 	  0.257 
1248294157.392 	  41 	  3.162 	  0.432 
1248294157.627 	  54 	  6.206 	  0.264 
1248294157.627 	  41 	  3.129 	  0.435 
1248294157.863 	  61 	  1.871 	  0.102 
1248294157.863 	  41 	  3.073 	  0.448 
1248294158.099 	  16 	  4.582 	  0.387 
1248294158.099 	  41 	  3.065 	  0.444 
1248294158.334 	  16 	  4.602 	  0.391 
1248294158.334 	  41 	  3.010 	  0.448 
1248294158.569 	  61 	  1.824 	  0.116 
1248294158.569 	  41 	  2.973 	  0.454 
1248294159.272 	  16 	  4.460 	  0.417 
1248294159.272 	  41 	  2.887 	  0.483 
1248294159.743 	  61 	  1.729 	  0.139 
1248294159.743 	  41 	  2.808 	  0.484 
1248294159.980 	  61 	  1.715 	  0.146 
1248294159.980 	  41 	  2.780 	  0.495 
1248294160.216 	  61 	  1.684 	  0.160 
1248294160.216 	  41 	  2.730 	  0.496 
1248294160.452 	  54 	  6.060 	  0.325 
1248294160.452 	  41 	  2.705 	  0.501 
1248294160.689 	  61 	  1.659 	  0.168 
1248294160.689 	  41 	  2.661 	  0.516 
1248294160.922 	  25 	  5.277 	  0.085 
1248294160.922 	  41 	  2.656 	  0.512 
1248294161.151 	  61 	  1.622 	  0.168 
1248294161.151 	  41 	  2.607 	  0.520 
1248294161.386 	  61 	  1.605 	  0.185 
1248294161.386 	  41 	  2.556 	  0.532 
1248294161.858 	  61 	  1.591 	  0.166 
1248294161.858 	  41 	  2.475 	  0.552 
1248294162.094 	  54 	  5.813 	  0.368 
1248294162.094 	  41 	  2.434 	  0.562 
1248294162.565 	  61 	  1.527 	  0.203 
1248294162.565 	  16 	  4.028 	  0.515 
1248294162.801 	  25 	  5.099 	  0.137 
1248294162.801 	  16 	  4.042 	  0.511 
1248294163.272 	  61 	  1.457 	  0.254 
1248294163.506 	  41 	  2.297 	  0.558 
1248294163.741 	  54 	  5.813 	  0.308 
1248294163.741 	  41 	  2.314 	  0.521 
1248294163.975 	  16 	  4.264 	  0.399 
1248294163.975 	  41 	  2.350 	  0.482 
1248294164.209 	  16 	  4.289 	  0.337 
1248294164.209 	  41 	  2.369 	  0.426 
1248294164.440 	  41 	  2.396 	  0.392 
1248294164.672 	  16 	  4.393 	  0.262 
1248294164.672 	  41 	  2.411 	  0.348 
1248294164.904 	  41 	  2.428 	  0.274 
1248294165.135 	  27 	  2.471 	  0.568 
1248294165.368 	  27 	  2.508 	  0.532 
1248294165.600 	  41 	  2.436 	  0.145 
1248294165.600 	  27 	  2.587 	  0.478 
1248294165.831 	  41 	  2.411 	  0.096 
1248294165.831 	  27 	  2.625 	  0.425 
1248294166.061 	  41 	  2.424 	  0.049 
1248294166.333 	  27 	  2.712 	  0.323 
1248294166.561 	  27 	  2.744 	  0.288 
1248294166.789 	  27 	  2.745 	  0.233 
1248294167.017 	  27 	  2.763 	  0.199 
1248294167.244 	  27 	  2.780 	  0.175 
1248294167.473 	  27 	  2.787 	  0.128 
1248294167.702 	  81 	  1.115 	  0.543 
1248294167.931 	  27 	  2.793 	  0.053 
1248294167.931 	  81 	  1.112 	  0.529 
1248294168.159 	  81 	  1.131 	  0.498 
1248294168.389 	  27 	  2.795 	  0.004 
1248294168.847 	  81 	  1.141 	  0.458 
1248294169.077 	  27 	  2.790 	 -0.003 
1248294169.309 	  27 	  2.784 	  0.009 
1248294169.541 	  27 	  2.763 	 -0.007 
1248294169.770 	  27 	  2.756 	  0.001 
1248294169.999 	  27 	  2.753 	  0.049 
1248294170.226 	  27 	  2.716 	  0.089 
1248294170.453 	  27 	  2.730 	  0.119 
1248294170.683 	  27 	  2.682 	  0.176 
1248294170.911 	  27 	  2.675 	  0.214 
1248294171.140 	  27 	  2.649 	  0.241 
1248294171.369 	  27 	  2.630 	  0.281 
1248294171.600 	  27 	  2.589 	  0.327 
1248294171.831 	  27 	  2.552 	  0.366 
1248294172.061 	  41 	  1.867 	  0.102 
1248294172.061 	  27 	  2.535 	  0.385 
1248294172.292 	  41 	  1.823 	  0.165 
1248294172.292 	  27 	  2.468 	  0.451 
1248294172.523 	  16 	  4.360 	  0.040 
1248294172.755 	  27 	  2.399 	  0.517 
1248294172.988 	  41 	  1.725 	  0.298 
1248294172.988 	  27 	  2.331 	  0.561 
1248294173.221 	  41 	  1.696 	  0.327 
1248294173.457 	  41 	  1.676 	  0.347 
1248294173.690 	  16 	  4.207 	  0.175 
1248294173.924 	  41 	  1.619 	  0.377 
1248294174.389 	  41 	  1.554 	  0.396 
1248294174.855 	  16 	  4.202 	  0.178 
1248294175.089 	  16 	  4.202 	  0.181 
1248294175.322 	  16 	  4.157 	  0.181 
1248294175.557 	  41 	  1.408 	  0.442 
1248294176.024 	  41 	  1.342 	  0.468 
1248294176.313 	  16 	  4.084 	  0.182 
1248294176.779 	  16 	  4.033 	  0.187 
1248294176.779 	  41 	  1.254 	  0.509 
1248294177.011 	  54 	  5.585 	  0.044 
1248294177.011 	  41 	  1.222 	  0.515 
1248294177.468 	  16 	  4.084 	  0.072 
1248294178.830 	  27 	  2.405 	  0.076 
1248294182.697 	  63 	  2.076 	  0.398 
1248294182.924 	  63 	  2.114 	  0.338 
1248294183.151 	  63 	  2.151 	  0.285 
1248294183.379 	  63 	  2.172 	  0.224 
1248294183.607 	  63 	  2.198 	  0.158 
1248294183.836 	  63 	  2.210 	  0.110 
1248294184.065 	   9 	  2.859 	  0.556 
1248294184.526 	  63 	  2.219 	  0.006 
1248294184.754 	  63 	  2.214 	  0.088 
1248294184.986 	  63 	  2.194 	  0.191 
1248294185.217 	  63 	  2.196 	  0.191 
1248294185.448 	  63 	  2.192 	  0.185 
1248294185.678 	  63 	  2.192 	  0.171 
1248294185.917 	  63 	  2.206 	  0.110 
1248294186.183 	  63 	  2.218 	  0.118 
1248294186.413 	  63 	  2.177 	  0.229 
1248294186.643 	  63 	  2.176 	  0.231 
1248294186.875 	  63 	  2.180 	  0.229 
1248294187.104 	  63 	  2.194 	  0.188 
1248294187.333 	  63 	  2.205 	  0.165 
1248294187.564 	  63 	  2.186 	  0.195 
1248294187.790 	  63 	  2.184 	  0.230 
1248294188.021 	  63 	  2.164 	  0.265 
1248294188.252 	  63 	  2.167 	  0.265 
1248294188.481 	  63 	  2.173 	  0.249 
1248294188.709 	  63 	  2.175 	  0.247 
1248294188.934 	  63 	  2.138 	  0.312 
1248294189.165 	  63 	  2.126 	  0.363 
1248294189.395 	  63 	  2.110 	  0.363 
1248294189.624 	  63 	  2.117 	  0.345 
1248294189.849 	  63 	  2.147 	  0.317 
1248294190.075 	  63 	  2.150 	  0.284 
1248294190.303 	  63 	  2.173 	  0.264 
1248294190.530 	  63 	  2.143 	  0.321 
1248294190.982 	  63 	  2.061 	  0.439 
1248294191.212 	  63 	  2.065 	  0.435 
1248294191.441 	  63 	  2.082 	  0.422 
1248294191.668 	  63 	  2.106 	  0.373 
1248294192.351 	  63 	  2.067 	  0.446 
1248294192.581 	  63 	  2.051 	  0.468 
1248294192.805 	  63 	  2.054 	  0.455 
1248294193.029 	  63 	  2.076 	  0.416 
1248294193.260 	  63 	  2.095 	  0.401 
1248294193.491 	  63 	  2.093 	  0.401 
1248294193.721 	  63 	  2.092 	  0.401 
1248294193.950 	  63 	  2.092 	  0.400 
1248294194.179 	  63 	  2.105 	  0.374 
1248294194.405 	  63 	  2.088 	  0.396 
1248294194.632 	  63 	  2.029 	  0.471 
1248294194.863 	  63 	  2.041 	  0.468 
1248294195.093 	  63 	  2.046 	  0.466 
1248294195.320 	  63 	  2.062 	  0.434 
1248294195.549 	  63 	  2.099 	  0.400 
1248294196.270 	  63 	  2.232 	  0.031 
1248294196.957 	  45 	  4.980 	  0.230 
1248294197.415 	  45 	  5.090 	  0.021 
1248294197.871 	  90 	  4.833 	  0.430 
1248294198.552 	  90 	  5.090 	  0.145 
1248294199.231 	  18 	  1.648 	  0.507 
1248294199.459 	  18 	  1.697 	  0.425 
1248294199.687 	  23 	  2.240 	  0.567 
1248294199.918 	  23 	  2.336 	  0.458 
1248294200.149 	  23 	  2.374 	  0.400 
1248294200.384 	  23 	  2.375 	  0.369 
1248294200.620 	  18 	  1.761 	  0.091 
1248294200.620 	  23 	  2.371 	  0.355 
1248294200.856 	  23 	  2.347 	  0.369 
1248294201.099 	  23 	  2.309 	  0.377 
1248294201.335 	  23 	  2.293 	  0.382 
1248294201.571 	  18 	  1.695 	  0.099 
1248294201.571 	  23 	  2.256 	  0.393 
1248294201.808 	  23 	  2.223 	  0.399 
1248294202.045 	  18 	  1.665 	  0.102 
1248294202.045 	  23 	  2.203 	  0.412 
1248294202.282 	  23 	  2.173 	  0.417 
1248294202.517 	  23 	  2.136 	  0.431 
1248294202.754 	  23 	  2.106 	  0.437 
1248294202.992 	  23 	  2.096 	  0.440 
1248294203.230 	  23 	  2.064 	  0.444 
1248294203.702 	  23 	  1.992 	  0.469 
1248294204.178 	  18 	  1.515 	  0.104 
1248294204.178 	  23 	  1.961 	  0.486 
1248294204.414 	  23 	  1.918 	  0.489 
1248294204.651 	  23 	  1.896 	  0.486 
1248294204.888 	  23 	  1.877 	  0.490 
1248294205.125 	  23 	  1.828 	  0.517 
1248294205.361 	  23 	  1.819 	  0.514 
1248294205.599 	  23 	  1.788 	  0.525 
1248294205.836 	  23 	  1.745 	  0.545 
1248294206.117 	  23 	  1.726 	  0.550 
1248294206.351 	  23 	  1.679 	  0.563 
1248294206.589 	  18 	  1.331 	  0.091 
1248294206.590 	  23 	  1.655 	  0.567 
1248294206.827 	  23 	  1.631 	  0.572 
1248294207.064 	  18 	  1.295 	  0.074 
1248294207.300 	  18 	  1.294 	  0.115 
1248294207.537 	  18 	  1.256 	  0.093 
1248294207.774 	  18 	  1.251 	  0.081 
1248294208.011 	  18 	  1.224 	  0.076 
1248294208.246 	  18 	  1.221 	  0.075 
1248294208.483 	  18 	  1.219 	  0.037 
1248294208.715 	  18 	  1.185 	  0.124 
1248294208.947 	  18 	  1.180 	  0.129 
1248294209.184 	  18 	  1.147 	  0.135 
1248294209.420 	  18 	  1.153 	  0.181 
1248294209.655 	  18 	  1.131 	  0.174 
1248294209.890 	  18 	  1.120 	  0.204 
1248294210.123 	  18 	  1.110 	  0.248 
1248294211.729 	  90 	  4.460 	 -0.045 
1248294212.184 	  72 	  2.606 	 -0.125 
1248294212.184 	  90 	  4.460 	  0.057 
1248294212.411 	  72 	  2.622 	 -0.071 
1248294212.411 	  90 	  4.393 	  0.121 
1248294212.638 	  90 	  4.393 	  0.164 
1248294212.866 	  90 	  4.347 	  0.203 
1248294213.093 	  90 	  4.264 	  0.246 
1248294213.321 	  90 	  4.248 	  0.305 
1248294213.551 	  72 	  2.581 	  0.128 
1248294213.551 	  90 	  4.202 	  0.322 
1248294213.780 	  90 	  4.202 	  0.331 
1248294214.011 	  90 	  4.202 	  0.326 
1248294214.241 	  90 	  4.187 	  0.333 
1248294214.472 	  90 	  4.142 	  0.327 
1248294214.701 	  72 	  2.529 	  0.143 
1248294214.931 	  90 	  4.172 	  0.341 
1248294215.160 	  90 	  4.150 	  0.336 
1248294215.391 	  90 	  4.142 	  0.328 
1248294215.621 	  72 	  2.513 	  0.135 
1248294215.858 	  72 	  2.489 	  0.143 
1248294216.359 	  90 	  4.084 	  0.336 
1248294216.589 	  90 	  4.084 	  0.337 
1248294216.817 	  90 	  4.073 	  0.337 
1248294217.050 	  72 	  2.450 	  0.145 
1248294217.050 	  90 	  4.084 	  0.338 
1248294217.284 	  72 	  2.473 	  0.125 
1248294217.284 	  90 	  4.084 	  0.326 
1248294217.517 	  72 	  2.463 	  0.126 
1248294217.750 	  72 	  2.424 	  0.139 
1248294217.750 	  90 	  4.084 	  0.325 
1248294217.982 	  72 	  2.413 	  0.145 
1248294217.982 	  90 	  4.028 	  0.341 
1248294218.215 	  72 	  2.429 	  0.128 
1248294218.215 	  90 	  4.028 	  0.334 
1248294218.448 	  72 	  2.407 	  0.148 
1248294218.448 	  90 	  4.039 	  0.338 
1248294218.682 	  72 	  2.392 	  0.145 
1248294218.682 	  90 	  4.000 	  0.338 
1248294218.916 	  72 	  2.386 	  0.148 
1248294218.916 	  90 	  3.991 	  0.339 
1248294219.148 	  72 	  2.390 	  0.148 
1248294219.148 	  90 	  4.028 	  0.339 
1248294219.382 	  72 	  2.381 	  0.143 
1248294219.382 	  90 	  4.028 	  0.336 
1248294219.613 	  72 	  2.363 	  0.146 
1248294219.614 	  90 	  3.973 	  0.339 
1248294220.095 	  72 	  2.320 	  0.157 
1248294220.095 	  90 	  3.923 	  0.350 
1248294220.328 	  72 	  2.293 	  0.154 
1248294220.328 	  90 	  3.919 	  0.348 
1248294220.561 	  72 	  2.286 	  0.154 
1248294220.561 	  90 	  3.919 	  0.341 
1248294221.029 	  72 	  2.243 	  0.157 
1248294221.029 	  90 	  3.868 	  0.343 
1248294221.261 	  72 	  2.238 	  0.156 
1248294221.262 	  90 	  3.868 	  0.345 
1248294221.495 	  90 	  3.868 	  0.345 
1248294221.958 	  90 	  3.817 	  0.348 
1248294222.186 	  72 	  2.178 	  0.152 
1248294222.186 	  90 	  3.817 	  0.355 
1248294222.418 	  72 	  2.160 	  0.163 
1248294222.419 	  90 	  3.772 	  0.363 
1248294222.647 	  72 	  2.133 	  0.163 
1248294222.647 	  90 	  3.768 	  0.366 
1248294223.118 	  72 	  2.114 	  0.170 
1248294223.118 	  90 	  3.726 	  0.371 
1248294223.344 	  90 	  3.720 	  0.361 
1248294223.569 	  72 	  2.104 	  0.185 
1248294223.801 	  72 	  2.053 	  0.266 
1248294224.032 	  72 	  1.978 	  0.372 
1248294224.266 	  45 	  4.123 	 -0.075 
1248294224.266 	  72 	  1.892 	  0.472 
1248294224.501 	  72 	  1.819 	  0.549 
1248294224.738 	  45 	  4.084 	  0.133 
1248294224.979 	  45 	  3.973 	  0.211 
1248294225.238 	   9 	  2.459 	  0.021 
1248294225.238 	  45 	  3.868 	  0.332 
1248294225.495 	   9 	  2.425 	  0.107 
1248294225.496 	  45 	  3.763 	  0.423 
1248294225.731 	   9 	  2.379 	  0.222 
1248294225.731 	  45 	  3.555 	  0.545 
1248294225.968 	   9 	  2.323 	  0.309 
1248294226.244 	   9 	  2.254 	  0.391 
1248294226.475 	   9 	  2.127 	  0.526 
1248294226.702 	  63 	  2.044 	 -0.133 
1248294226.954 	  63 	  2.059 	 -0.055 
1248294227.197 	  63 	  2.042 	  0.032 
1248294227.437 	  63 	  2.011 	  0.158 
1248294227.667 	  63 	  1.975 	  0.233 
1248294227.922 	  63 	  1.936 	  0.312 
1248294228.161 	  63 	  1.840 	  0.446 
1248294228.414 	  63 	  1.756 	  0.533 
1248294229.313 	  81 	  1.329 	  0.118 
1248294229.771 	  81 	  1.289 	  0.231 
1248294230.233 	  16 	  5.001 	 -0.037 
1248294230.466 	  81 	  1.226 	  0.287 
1248294231.620 	  16 	  4.647 	  0.336 
1248294231.853 	  16 	  4.530 	  0.393 
1248294232.086 	  25 	  5.479 	  0.104 
1248294232.320 	  16 	  4.264 	  0.521 
1248294232.553 	  16 	  4.142 	  0.567 
1248294233.020 	  61 	  1.892 	  0.219 
1248294233.020 	  25 	  5.277 	  0.332 
1248294233.250 	  14 	  5.090 	  0.166 
1248294233.250 	   5 	  4.460 	  0.465 
1248294233.480 	  14 	  5.090 	  0.161 
1248294233.716 	   5 	  4.393 	  0.470 
1248294234.192 	  14 	  5.030 	  0.183 
1248294234.192 	  25 	  5.182 	  0.351 
1248294234.430 	  14 	  5.001 	  0.184 
1248294234.430 	   5 	  4.327 	  0.485 
1248294234.668 	  25 	  5.182 	  0.351 
1248294234.668 	   5 	  4.327 	  0.489 
1248294234.908 	  61 	  1.771 	  0.250 
1248294234.908 	   5 	  4.264 	  0.491 
1248294235.145 	  61 	  1.738 	  0.258 
1248294235.384 	   5 	  4.172 	  0.487 
1248294235.622 	  14 	  4.916 	  0.199 
1248294235.622 	   5 	  4.084 	  0.496 
1248294235.861 	  14 	  4.916 	  0.208 
1248294235.861 	   5 	  4.084 	  0.494 
1248294236.143 	  14 	  4.833 	  0.212 
1248294236.143 	   5 	  4.084 	  0.504 
1248294236.379 	  41 	  1.537 	 -0.091 
1248294236.379 	  54 	  5.376 	  0.551 
1248294236.614 	  25 	  5.182 	  0.214 
1248294236.614 	  16 	  3.973 	  0.567 
1248294236.847 	  25 	  5.277 	  0.163 
1248294236.847 	  16 	  4.084 	  0.521 
1248294237.081 	  61 	  1.677 	 -0.003 
1248294237.081 	  16 	  4.172 	  0.467 
1248294237.314 	  61 	  1.660 	 -0.033 
1248294237.550 	  16 	  4.248 	  0.384 
1248294237.787 	  14 	  4.861 	 -0.115 
1248294237.787 	  16 	  4.223 	  0.392 
1248294238.022 	  61 	  1.604 	 -0.054 
1248294238.022 	  16 	  4.202 	  0.387 
1248294238.258 	  16 	  4.251 	  0.387 
1248294238.495 	   5 	  4.202 	  0.194 
1248294238.495 	  16 	  4.211 	  0.396 
1248294238.731 	  36 	  3.868 	 -0.197 
1248294238.731 	  16 	  4.152 	  0.399 
1248294238.966 	  16 	  4.202 	  0.404 
1248294239.203 	  54 	  5.813 	  0.293 
1248294239.203 	  16 	  4.092 	  0.407 
1248294239.436 	  25 	  5.105 	  0.034 
1248294239.436 	  16 	  4.084 	  0.409 
1248294239.667 	  16 	  4.113 	  0.413 
1248294239.904 	  25 	  5.101 	  0.032 
1248294239.904 	  16 	  4.084 	  0.405 
1248294240.138 	  54 	  5.813 	  0.297 
1248294240.138 	  16 	  4.098 	  0.407 
1248294240.608 	  25 	  5.090 	  0.032 
1248294240.842 	  16 	  3.977 	  0.415 
1248294241.080 	  25 	  5.001 	  0.017 
1248294241.080 	  16 	  4.017 	  0.407 
1248294241.315 	  36 	  3.648 	 -0.205 
1248294241.315 	  16 	  3.973 	  0.409 
1248294241.551 	  54 	  5.697 	  0.289 
1248294241.551 	  16 	  3.973 	  0.418 
1248294241.787 	  36 	  3.674 	 -0.205 
1248294241.787 	  16 	  3.967 	  0.419 
1248294242.022 	  16 	  3.959 	  0.413 
1248294242.257 	  54 	  5.585 	  0.301 
1248294242.257 	  16 	  3.924 	  0.423 
1248294242.492 	   5 	  3.662 	  0.245 
1248294242.492 	  16 	  3.868 	  0.425 
1248294243.182 	  16 	  4.094 	  0.219 
1248294243.414 	  27 	  2.160 	  0.537 
1248294243.639 	  27 	  2.235 	  0.465 
1248294243.866 	  27 	  2.283 	  0.386 
1248294244.092 	  27 	  2.338 	  0.307 
1248294244.549 	  27 	  2.372 	  0.229 
1248294244.776 	  27 	  2.374 	  0.180 
1248294245.006 	  27 	  2.378 	  0.158 
1248294245.236 	  27 	  2.405 	  0.109 
1248294245.463 	  27 	  2.350 	  0.127 
1248294245.689 	  27 	  2.317 	  0.179 
1248294245.924 	  27 	  2.272 	  0.258 
1248294246.208 	  27 	  2.243 	  0.302 
1248294246.437 	  27 	  2.182 	  0.360 
1248294246.668 	  27 	  2.198 	  0.352 
1248294246.900 	  27 	  2.158 	  0.371 
1248294247.131 	  16 	  3.973 	 -0.081 
1248294247.131 	  27 	  2.134 	  0.381 
1248294247.363 	  27 	  2.131 	  0.380 
1248294247.594 	  27 	  2.128 	  0.378 
1248294247.829 	  16 	  3.919 	 -0.091 
1248294247.829 	  27 	  2.153 	  0.366 
1248294248.063 	   5 	  3.065 	 -0.227 
1248294248.063 	  16 	  3.932 	 -0.090 
1248294248.063 	  27 	  2.092 	  0.390 
1248294248.296 	  16 	  3.919 	 -0.093 
1248294248.296 	  27 	  2.103 	  0.373 
1248294248.530 	   5 	  3.033 	 -0.215 
1248294248.531 	  16 	  3.893 	 -0.087 
1248294248.531 	  27 	  2.069 	  0.397 
1248294248.765 	  16 	  3.919 	 -0.077 
1248294249.001 	   5 	  2.973 	 -0.212 
1248294249.001 	  16 	  3.868 	 -0.086 
1248294249.001 	  27 	  2.040 	  0.401 
1248294249.236 	  16 	  3.868 	 -0.077 
1248294249.236 	  27 	  2.027 	  0.415 
1248294249.470 	  16 	  3.842 	 -0.079 
1248294249.470 	  27 	  2.010 	  0.420 
1248294249.706 	   5 	  2.887 	 -0.203 
1248294249.706 	  16 	  3.817 	 -0.087 
1248294249.706 	  27 	  2.002 	  0.411 
1248294249.942 	   5 	  2.887 	 -0.206 
1248294249.942 	  16 	  3.825 	 -0.094 
1248294249.942 	  27 	  1.994 	  0.412 
1248294250.176 	   5 	  2.854 	 -0.206 
1248294250.176 	  16 	  3.768 	 -0.098 
1248294250.176 	  27 	  2.013 	  0.387 
1248294250.411 	   5 	  2.832 	 -0.206 
1248294250.412 	  16 	  3.768 	 -0.098 
1248294250.412 	  27 	  1.968 	  0.410 
1248294250.645 	   5 	  2.806 	 -0.207 
1248294250.646 	  16 	  3.768 	 -0.098 
1248294250.646 	  27 	  1.960 	  0.413 
1248294250.880 	   5 	  2.799 	 -0.203 
1248294250.880 	  16 	  3.742 	 -0.097 
1248294250.881 	  27 	  1.941 	  0.417 
1248294251.352 	   5 	  2.754 	 -0.203 
1248294251.352 	  16 	  3.735 	 -0.101 
1248294251.352 	  27 	  1.928 	  0.418 
1248294251.587 	   5 	  2.721 	 -0.199 
1248294251.587 	  16 	  3.720 	 -0.098 
1248294251.587 	  27 	  1.931 	  0.407 
1248294251.823 	   5 	  2.705 	 -0.192 
1248294251.823 	  16 	  3.723 	 -0.098 
1248294251.823 	  27 	  1.896 	  0.423 
1248294252.058 	   5 	  2.681 	 -0.183 
1248294252.058 	  16 	  3.720 	 -0.094 
1248294252.058 	  27 	  1.889 	  0.431 
1248294252.292 	   5 	  2.681 	 -0.179 
1248294252.293 	  16 	  3.697 	 -0.092 
1248294252.293 	  27 	  1.886 	  0.435 
1248294252.528 	  16 	  3.720 	 -0.081 
1248294252.762 	   5 	  2.611 	 -0.177 
1248294252.762 	  16 	  3.680 	 -0.097 
1248294252.762 	  27 	  1.862 	  0.436 
1248294253.226 	   5 	  2.550 	 -0.226 
1248294253.227 	  16 	  3.631 	 -0.154 
1248294253.227 	  27 	  1.878 	  0.383 
1248294253.460 	   5 	  2.546 	 -0.221 
1248294253.460 	  16 	  3.628 	 -0.150 
1248294253.460 	  27 	  1.866 	  0.388 
1248294253.692 	   5 	  2.483 	 -0.257 
1248294253.692 	  16 	  3.584 	 -0.190 
1248294253.692 	  27 	  1.872 	  0.356 
1248294253.925 	  16 	  3.599 	 -0.190 
1248294253.925 	  27 	  1.872 	  0.348 
1248294254.158 	  27 	  1.881 	  0.315 
1248294254.620 	  27 	  1.857 	  0.292 
1248294254.852 	  27 	  1.881 	  0.257 
1248294255.327 	  27 	  1.817 	  0.280 
1248294256.057 	  27 	  1.768 	  0.303 
1248294256.311 	  27 	  1.766 	  0.292 
1248294257.002 	  27 	  1.687 	  0.333 
1248294257.468 	  27 	  1.672 	  0.339 
1248294257.702 	  27 	  1.655 	  0.347 
1248294257.936 	  27 	  1.631 	  0.386 
1248294258.404 	  27 	  1.626 	  0.339 
1248294258.638 	  27 	  1.578 	  0.381 
1248294259.108 	  27 	  1.583 	  0.364 
1248294259.344 	  27 	  1.540 	  0.398 
1248294259.578 	  27 	  1.539 	  0.398 
1248294259.814 	  27 	  1.526 	  0.400 
1248294260.048 	  27 	  1.519 	  0.406 
1248294260.284 	  27 	  1.508 	  0.412 
1248294260.523 	  27 	  1.498 	  0.416 
1248294260.765 	  27 	  1.487 	  0.419 
1248294261.005 	  16 	  3.129 	 -0.236 
1248294261.005 	  27 	  1.471 	  0.423 
1248294261.243 	  27 	  1.449 	  0.436 
1248294261.480 	  27 	  1.419 	  0.459 
1248294261.717 	  27 	  1.411 	  0.458 
1248294262.669 	  27 	  1.309 	  0.530 
1248294262.913 	  27 	  1.331 	  0.503 
1248294263.158 	  27 	  1.287 	  0.527 
1248294263.941 	  16 	  3.003 	 -0.168 
1248294263.942 	  27 	  1.233 	  0.559 
1248294264.180 	  16 	  2.973 	 -0.163 
1248294264.180 	  27 	  1.215 	  0.568 
1248294264.656 	  16 	  2.944 	 -0.148 
1248294265.131 	  16 	  2.915 	 -0.144 
1248294267.720 	  27 	  1.122 	  0.447 
1248294268.172 	  27 	  1.174 	  0.313 
1248294269.077 	  27 	  1.221 	  0.126 
1248294269.759 	  27 	  1.158 	  0.352 
1248294269.989 	  27 	  1.175 	  0.340 
1248294270.219 	  27 	  1.158 	  0.365 
1248294271.360 	  27 	  1.151 	  0.422 
1248294271.591 	  27 	  1.147 	  0.412 
1248294272.279 	  27 	  1.123 	  0.511 
1248294272.510 	  27 	  1.123 	  0.509 
1248294273.200 	  27 	  1.135 	  0.466 
1248294275.971 	  16 	  2.775 	 -0.130 
1248294276.472 	  16 	  2.754 	 -0.103 
1248294276.703 	  16 	  2.718 	 -0.101 
1248294277.855 	  16 	  2.684 	 -0.082 
1248294278.087 	  16 	  2.678 	 -0.080 
1248294278.319 	  16 	  2.664 	 -0.079 
1248294278.551 	  16 	  2.663 	 -0.077 
1248294278.782 	  16 	  2.664 	 -0.079 
1248294279.014 	  16 	  2.652 	 -0.079 
1248294279.246 	  16 	  2.637 	 -0.077 
1248294279.477 	  16 	  2.635 	 -0.079 
1248294279.936 	  16 	  2.612 	 -0.050 
1248294280.629 	  16 	  2.589 	 -0.028 
1248294280.860 	  16 	  2.566 	 -0.017 
1248294281.090 	  16 	  2.549 	 -0.007 
1248294281.324 	  16 	  2.528 	  0.005 
1248294282.014 	  16 	  2.477 	 -0.062 
1248294282.240 	  16 	  2.443 	 -0.183 
1248294287.484 	  63 	  2.163 	  0.556 
1248294287.717 	  63 	  2.187 	  0.524 
1248294287.948 	  63 	  2.285 	  0.413 
1248294288.178 	  63 	  2.335 	  0.342 
1248294288.178 	   9 	  3.541 	  0.516 
1248294288.408 	  63 	  2.372 	  0.252 
1248294288.639 	  63 	  2.416 	  0.135 
1248294288.872 	  45 	  5.585 	  0.198 
1248294289.103 	  63 	  2.420 	 -0.032 
1248294289.336 	  81 	  1.345 	  0.470 
1248294289.569 	  81 	  1.345 	  0.464 
1248294289.803 	  81 	  1.335 	  0.456 
1248294290.036 	  45 	  5.697 	  0.011 
1248294290.036 	  81 	  1.329 	  0.442 
1248294290.270 	  81 	  1.301 	  0.466 
1248294290.503 	   9 	  3.817 	  0.029 
1248294290.503 	  81 	  1.324 	  0.432 
1248294290.736 	  63 	  2.265 	 -0.176 
1248294290.736 	  81 	  1.279 	  0.458 
1248294290.970 	  45 	  5.585 	 -0.022 
1248294290.970 	  81 	  1.277 	  0.449 
1248294291.204 	   9 	  3.805 	  0.011 
1248294291.204 	  81 	  1.270 	  0.437 
1248294291.899 	   9 	  3.720 	 -0.059 
1248294292.130 	  81 	  1.263 	  0.343 
1248294292.594 	  81 	  1.301 	  0.231 
1248294292.826 	  81 	  1.294 	  0.201 
1248294293.058 	  81 	  1.305 	  0.155 
1248294293.290 	  81 	  1.310 	  0.127 
1248294293.523 	  81 	  1.312 	  0.100 
1248294293.756 	  18 	  2.924 	  0.532 
1248294293.990 	  18 	  3.003 	  0.485 
1248294294.225 	  18 	  3.043 	  0.445 
1248294294.458 	  18 	  3.133 	  0.375 
1248294294.692 	  18 	  3.176 	  0.327 
1248294294.926 	  18 	  3.208 	  0.283 
1248294295.161 	  18 	  3.273 	  0.207 
1248294295.396 	  18 	  3.301 	  0.154 
1248294295.632 	  18 	  3.309 	  0.093 
1248294295.868 	  18 	  3.325 	 -0.012 
1248294296.147 	  18 	  3.312 	 -0.077 
1248294296.388 	  18 	  3.322 	 -0.133 
1248294296.627 	  18 	  3.315 	 -0.126 
1248294296.863 	  18 	  3.340 	 -0.062 
1248294297.099 	  18 	  3.331 	  0.024 
1248294297.333 	  18 	  3.323 	  0.097 
1248294297.563 	  18 	  3.277 	  0.194 
1248294297.798 	  18 	  3.260 	  0.246 
1248294298.034 	  18 	  3.203 	  0.297 
1248294298.270 	  18 	  3.138 	  0.380 
1248294298.505 	  18 	  3.095 	  0.423 
1248294298.738 	  18 	  2.981 	  0.500 
1248294298.971 	  18 	  2.922 	  0.540 
1248294299.905 	  18 	  2.954 	  0.523 
1248294300.142 	  18 	  2.954 	  0.525 
1248294300.377 	  81 	  1.395 	  0.079 
1248294300.377 	  18 	  2.947 	  0.528 
1248294300.611 	  18 	  2.911 	  0.553 
1248294302.012 	  81 	  1.348 	  0.143 
1248294302.476 	  18 	  2.929 	  0.540 
1248294302.708 	  18 	  3.005 	  0.491 
1248294302.942 	  18 	  3.119 	  0.372 
1248294303.646 	  18 	  3.231 	  0.217 
1248294303.880 	  18 	  3.267 	  0.138 
1248294304.116 	  18 	  3.277 	  0.051 
1248294304.352 	  18 	  3.270 	 -0.037 
1248294304.588 	  18 	  3.233 	 -0.088 
1248294304.826 	  18 	  3.201 	 -0.147 
1248294305.063 	  18 	  3.179 	 -0.203 
1248294305.300 	  18 	  3.129 	 -0.266 
1248294306.325 	  18 	  3.033 	 -0.319 
1248294306.565 	  18 	  3.033 	 -0.297 
1248294308.945 	   7 	  2.691 	  0.525 
1248294309.183 	   7 	  2.792 	  0.444 
1248294309.421 	   7 	  2.844 	  0.363 
1248294309.656 	   7 	  2.940 	  0.240 
1248294309.893 	   7 	  2.967 	  0.167 
1248294310.130 	   7 	  2.965 	  0.149 
1248294310.363 	   7 	  2.988 	  0.055 
1248294310.597 	   7 	  2.980 	 -0.035 
1248294310.833 	   7 	  2.958 	 -0.105 
1248294311.526 	  36 	  2.592 	  0.475 
1248294311.761 	  36 	  2.715 	  0.339 
1248294312.230 	  36 	  2.780 	  0.218 
1248294312.468 	  25 	  3.285 	  0.557 
1248294312.706 	  36 	  2.760 	  0.168 
1248294312.943 	  36 	  2.734 	  0.171 
1248294313.181 	  36 	  2.714 	  0.194 
1248294313.419 	  36 	  2.703 	  0.200 
1248294313.654 	  70 	  4.084 	  0.093 
1248294313.654 	  25 	  3.228 	  0.560 
1248294313.889 	  36 	  2.705 	  0.095 
1248294314.125 	  25 	  3.343 	  0.477 
1248294314.361 	  36 	  2.675 	  0.001 
1248294314.599 	  25 	  3.415 	  0.418 
1248294314.836 	  25 	  3.387 	  0.418 
1248294315.075 	  25 	  3.356 	  0.418 
1248294315.311 	  25 	  3.352 	  0.421 
1248294315.550 	  25 	  3.350 	  0.425 
1248294315.787 	  25 	  3.330 	  0.429 
1248294316.026 	  25 	  3.305 	  0.430 
1248294316.310 	  25 	  3.293 	  0.430 
1248294316.547 	  25 	  3.271 	  0.432 
1248294316.785 	  36 	  2.539 	  0.005 
1248294316.785 	  25 	  3.267 	  0.435 
1248294317.023 	  25 	  3.236 	  0.436 
1248294317.261 	  25 	  3.231 	  0.431 
1248294317.499 	  25 	  3.233 	  0.438 
1248294317.737 	  25 	  3.205 	  0.439 
1248294317.975 	  25 	  3.202 	  0.442 
1248294318.212 	  25 	  3.179 	  0.443 
1248294318.450 	  25 	  3.196 	  0.438 
1248294318.688 	  36 	  2.412 	  0.009 
1248294318.688 	  25 	  3.152 	  0.448 
1248294318.926 	  70 	  3.771 	 -0.064 
1248294318.926 	  25 	  3.137 	  0.452 
1248294319.164 	  25 	  3.118 	  0.458 
1248294319.401 	  25 	  3.111 	  0.461 
1248294319.639 	  25 	  3.081 	  0.462 
1248294319.876 	  25 	  3.067 	  0.465 
1248294320.111 	  36 	  2.334 	  0.039 
1248294320.111 	  25 	  3.033 	  0.498 
1248294320.348 	  25 	  2.952 	  0.533 
1248294320.586 	  25 	  2.940 	  0.539 
1248294320.823 	  25 	  2.919 	  0.540 
1248294321.057 	  36 	  2.266 	  0.137 
1248294321.293 	  36 	  2.227 	  0.193 
1248294321.531 	  36 	  2.233 	  0.193 
1248294321.768 	  36 	  2.218 	  0.191 
1248294322.004 	  36 	  2.216 	  0.188 
1248294322.240 	  36 	  2.163 	  0.227 
1248294322.477 	  36 	  2.130 	  0.270 
1248294322.714 	  36 	  2.106 	  0.288 
1248294322.951 	  70 	  3.504 	  0.222 
1248294322.951 	  36 	  2.096 	  0.307 
1248294323.188 	  36 	  2.056 	  0.319 
1248294323.427 	  36 	  2.041 	  0.330 
1248294323.664 	  36 	  2.018 	  0.340 
1248294323.902 	  36 	  2.000 	  0.335 
1248294324.140 	  36 	  2.007 	  0.315 
1248294324.378 	  36 	  1.970 	  0.338 
1248294324.614 	  36 	  1.951 	  0.335 
1248294324.851 	  36 	  1.943 	  0.356 
1248294325.089 	  36 	  1.935 	  0.383 
1248294325.326 	  36 	  1.899 	  0.361 
1248294325.565 	  70 	  3.303 	  0.241 
1248294325.565 	  36 	  1.911 	  0.350 
1248294325.807 	  36 	  1.881 	  0.338 
1248294326.052 	  70 	  3.267 	  0.259 
1248294326.052 	  36 	  1.859 	  0.369 
1248294326.329 	  36 	  1.841 	  0.373 
1248294326.568 	  70 	  3.201 	  0.267 
1248294326.568 	  36 	  1.809 	  0.381 
1248294327.046 	  36 	  1.786 	  0.380 
1248294327.282 	  36 	  1.795 	  0.372 
1248294327.521 	  36 	  1.738 	  0.401 
1248294327.759 	  36 	  1.725 	  0.401 
1248294327.997 	  36 	  1.701 	  0.412 
1248294328.235 	  36 	  1.690 	  0.421 
1248294328.474 	  36 	  1.668 	  0.425 
1248294328.713 	  36 	  1.665 	  0.423 
1248294328.951 	  70 	  3.028 	  0.294 
1248294328.951 	  36 	  1.637 	  0.428 
1248294329.189 	  36 	  1.607 	  0.443 
1248294329.427 	  36 	  1.602 	  0.443 
1248294329.666 	  36 	  1.565 	  0.458 
1248294329.904 	  36 	  1.574 	  0.449 
1248294330.141 	  36 	  1.535 	  0.470 
1248294330.378 	  36 	  1.523 	  0.470 
1248294330.616 	  36 	  1.511 	  0.476 
1248294330.857 	  36 	  1.488 	  0.485 
1248294331.095 	  36 	  1.460 	  0.503 
1248294331.328 	  36 	  1.448 	  0.510 
1248294331.558 	  36 	  1.448 	  0.497 
1248294331.794 	  36 	  1.410 	  0.517 
1248294332.032 	  36 	  1.399 	  0.507 
1248294332.270 	  36 	  1.383 	  0.520 
1248294332.508 	  36 	  1.385 	  0.503 
1248294332.746 	  70 	  2.743 	  0.346 
1248294332.746 	  36 	  1.360 	  0.526 
1248294332.984 	  36 	  1.323 	  0.548 
1248294333.221 	  36 	  1.326 	  0.540 
1248294333.458 	  36 	  1.300 	  0.559 
1248294333.697 	  36 	  1.280 	  0.569 
1248294333.936 	  36 	  1.269 	  0.570 
1248294334.176 	  36 	  1.258 	  0.569 
1248294334.654 	  70 	  2.583 	  0.393 
1248294335.131 	  70 	  2.540 	  0.408 
1248294335.370 	  70 	  2.522 	  0.413 
1248294335.608 	  70 	  2.511 	  0.407 
1248294335.864 	  70 	  2.482 	  0.408 
1248294336.147 	  70 	  2.461 	  0.414 
1248294336.386 	  70 	  2.430 	  0.426 
1248294336.625 	  70 	  2.412 	  0.435 
1248294336.862 	  70 	  2.389 	  0.441 
1248294337.102 	  70 	  2.377 	  0.432 
1248294337.337 	  70 	  2.342 	  0.465 
1248294337.573 	  70 	  2.247 	  0.541 
1248294337.809 	  70 	  2.207 	  0.567 
1248294345.269 	  70 	  2.135 	  0.491 
1248294345.508 	  70 	  2.126 	  0.483 
1248294345.987 	  70 	  2.058 	  0.542 
1248294346.745 	  70 	  2.018 	  0.558 
1248294350.275 	   7 	  1.353 	 -0.364 
1248294350.985 	   7 	  1.344 	 -0.283 
1248294351.463 	   7 	  1.334 	 -0.198 
1248294351.704 	   7 	  1.344 	 -0.107 
1248294351.948 	   7 	  1.336 	 -0.107 
1248294352.184 	   7 	  1.293 	 -0.134 
1248294352.424 	   7 	  1.293 	 -0.051 
1248294352.660 	   7 	  1.288 	 -0.059 
1248294352.900 	   7 	  1.264 	  0.027 
1248294353.138 	   7 	  1.248 	  0.034 
1248294353.377 	   7 	  1.226 	  0.087 
1248294353.618 	   7 	  1.203 	  0.172 
1248294353.863 	   7 	  1.190 	  0.208 
1248294354.102 	   7 	  1.167 	  0.231 
1248294354.346 	   7 	  1.147 	  0.272 
1248294354.590 	   7 	  1.142 	  0.272 
1248294358.708 	  18 	  3.258 	 -0.171 
1248294358.940 	  18 	  3.267 	 -0.147 
1248294359.412 	  18 	  3.233 	 -0.113 
1248294359.884 	  18 	  3.214 	 -0.111 
1248294360.118 	  18 	  3.201 	 -0.122 
1248294360.588 	  18 	  3.156 	 -0.116 
1248294360.824 	  18 	  3.162 	 -0.120 
1248294361.062 	  18 	  3.133 	 -0.118 
1248294361.534 	  18 	  3.089 	 -0.120 
1248294362.004 	  18 	  3.065 	 -0.119 
1248294362.235 	  18 	  3.037 	 -0.120 
1248294362.469 	  18 	  3.027 	 -0.117 
1248294362.705 	  18 	  3.022 	 -0.118 
1248294362.940 	  18 	  3.003 	 -0.131 
1248294363.176 	  18 	  2.974 	 -0.118 
1248294363.412 	  18 	  2.969 	 -0.120 
1248294363.883 	  18 	  2.920 	 -0.130 
1248294364.353 	  18 	  2.899 	 -0.127 
1248294364.583 	  18 	  2.906 	 -0.071 
1248294364.814 	  18 	  2.883 	  0.013 
1248294365.045 	  18 	  2.859 	  0.098 
1248294365.741 	  72 	  4.715 	  0.164 
1248294365.741 	  18 	  2.657 	  0.391 
1248294365.991 	  18 	  2.504 	  0.519 
1248294366.257 	  72 	  4.460 	  0.371 
1248294366.488 	  72 	  4.327 	  0.495 
1248294366.719 	   9 	  4.916 	  0.189 
1248294366.953 	   9 	  4.833 	  0.264 
1248294367.187 	  23 	  1.475 	  0.206 
1248294367.187 	  45 	  6.191 	  0.428 
1248294367.421 	  23 	  1.431 	  0.244 
1248294367.654 	  45 	  6.060 	  0.462 
1248294367.890 	  45 	  6.060 	  0.484 
1248294368.124 	  45 	  5.933 	  0.492 
1248294368.360 	  45 	  6.060 	  0.480 
1248294368.596 	  45 	  5.933 	  0.478 
1248294368.830 	  23 	  1.264 	  0.300 
1248294369.066 	  23 	  1.231 	  0.317 
1248294369.302 	  81 	  2.450 	  0.073 
1248294369.537 	  23 	  1.160 	  0.341 
1248294369.769 	  23 	  1.133 	  0.311 
1248294370.000 	  81 	  2.368 	 -0.071 
1248294370.232 	  81 	  2.332 	 -0.151 
1248294370.464 	  81 	  2.314 	 -0.222 
1248294370.464 	  72 	  4.152 	  0.467 
1248294370.697 	  72 	  4.309 	  0.359 
1248294371.162 	  18 	  2.342 	  0.520 
1248294371.393 	  18 	  2.449 	  0.397 
1248294371.623 	  18 	  2.511 	  0.309 
1248294371.854 	  18 	  2.542 	  0.232 
1248294372.083 	  18 	  2.567 	  0.124 
1248294372.314 	  18 	  2.569 	  0.045 
1248294372.544 	  18 	  2.589 	 -0.009 
1248294372.774 	  18 	  2.546 	 -0.114 
1248294373.006 	  18 	  2.512 	 -0.186 
1248294373.239 	  18 	  2.504 	 -0.239 
1248294380.890 	  18 	  2.202 	 -0.241 
1248294381.125 	  18 	  2.196 	 -0.231 
1248294381.594 	  18 	  2.214 	 -0.142 
1248294381.828 	  18 	  2.187 	 -0.146 
1248294382.293 	  18 	  2.193 	 -0.132 
1248294382.523 	  18 	  2.180 	 -0.043 
1248294382.755 	  18 	  2.206 	  0.009 
1248294382.986 	  18 	  2.198 	  0.018 
1248294383.214 	  18 	  2.168 	  0.064 
1248294383.443 	  18 	  2.122 	  0.155 
1248294383.675 	  18 	  2.104 	  0.208 
1248294383.907 	  18 	  2.075 	  0.227 
1248294384.136 	  18 	  2.052 	  0.273 
1248294384.366 	  18 	  2.046 	  0.293 
1248294384.595 	  18 	  1.951 	  0.395 
1248294384.827 	  18 	  1.943 	  0.402 
1248294385.284 	  18 	  1.849 	  0.507 
1248294385.516 	  18 	  1.787 	  0.563 
1248294385.749 	  72 	  3.868 	  0.275 
1248294385.749 	  18 	  1.787 	  0.567 
1248294385.977 	  72 	  3.868 	  0.297 
1248294386.489 	  72 	  3.734 	  0.370 
1248294386.489 	  90 	  4.916 	  0.557 
1248294386.719 	  72 	  3.674 	  0.408 
1248294386.952 	  72 	  3.600 	  0.455 
1248294387.184 	  72 	  3.594 	  0.458 
1248294387.413 	  72 	  3.499 	  0.526 
1248294387.646 	  72 	  3.468 	  0.535 
1248294387.880 	   9 	  4.264 	  0.081 
1248294387.880 	  72 	  3.440 	  0.541 
1248294388.114 	  72 	  3.462 	  0.545 
1248294388.347 	   9 	  4.264 	  0.089 
1248294388.347 	  72 	  3.438 	  0.546 
1248294388.578 	  45 	  5.697 	  0.302 
1248294388.809 	  45 	  5.585 	  0.376 
1248294389.043 	  63 	  3.269 	 -0.136 
1248294389.043 	  45 	  5.577 	  0.391 
1248294389.276 	   9 	  4.084 	  0.247 
1248294389.276 	  45 	  5.490 	  0.400 
1248294389.510 	  45 	  5.479 	  0.399 
1248294389.746 	  63 	  3.246 	 -0.122 
1248294389.746 	  45 	  5.479 	  0.407 
1248294389.980 	  45 	  5.479 	  0.405 
1248294390.214 	  45 	  5.479 	  0.404 
1248294390.448 	  81 	  1.877 	 -0.230 
1248294390.448 	  45 	  5.479 	  0.407 
1248294390.682 	   9 	  4.018 	  0.265 
1248294390.682 	  45 	  5.398 	  0.412 
1248294390.914 	  45 	  5.277 	  0.487 
1248294391.149 	  45 	  5.202 	  0.493 
1248294391.383 	  45 	  5.277 	  0.484 
1248294391.615 	  45 	  5.330 	  0.450 
1248294391.848 	  45 	  5.385 	  0.409 
1248294392.083 	   9 	  3.973 	  0.262 
1248294392.083 	  45 	  5.398 	  0.406 
1248294392.317 	  45 	  5.376 	  0.404 
1248294392.550 	  45 	  5.376 	  0.399 
1248294392.780 	  45 	  5.376 	  0.400 
1248294393.011 	  45 	  5.376 	  0.404 
1248294393.246 	  45 	  5.376 	  0.408 
1248294393.481 	  45 	  5.356 	  0.417 
1248294393.715 	  45 	  5.347 	  0.421 
1248294393.950 	  45 	  5.369 	  0.416 
1248294394.187 	  45 	  5.296 	  0.410 
1248294394.421 	  45 	  5.277 	  0.412 
1248294394.657 	  63 	  3.029 	 -0.131 
1248294394.657 	  45 	  5.277 	  0.421 
1248294394.892 	  45 	  5.309 	  0.423 
1248294395.127 	  45 	  5.277 	  0.423 
1248294395.361 	  45 	  5.253 	  0.420 
1248294395.596 	  63 	  2.988 	 -0.134 
1248294395.596 	  45 	  5.277 	  0.425 
1248294395.839 	  45 	  5.269 	  0.424 
1248294396.114 	  63 	  2.977 	 -0.132 
1248294396.114 	  45 	  5.188 	  0.428 
1248294396.352 	   9 	  3.774 	  0.277 
1248294396.352 	  45 	  5.194 	  0.424 
1248294396.586 	  45 	  5.199 	  0.422 
1248294396.821 	  45 	  5.205 	  0.424 
1248294397.057 	  45 	  5.182 	  0.424 
1248294397.290 	  45 	  5.182 	  0.422 
1248294397.524 	  45 	  5.148 	  0.426 
1248294397.760 	  45 	  5.174 	  0.430 
1248294397.996 	  45 	  5.125 	  0.428 
1248294398.230 	  45 	  5.123 	  0.423 
1248294398.464 	  45 	  5.176 	  0.433 
1248294398.699 	  45 	  5.155 	  0.432 
1248294398.934 	  45 	  5.103 	  0.427 
1248294399.169 	  45 	  5.169 	  0.433 
1248294399.404 	  45 	  5.090 	  0.427 
1248294399.638 	  45 	  5.105 	  0.428 
1248294399.873 	  45 	  5.082 	  0.434 
1248294400.108 	  45 	  5.090 	  0.435 
1248294400.343 	  45 	  5.090 	  0.432 
1248294400.578 	  45 	  5.075 	  0.431 
1248294400.812 	  45 	  5.075 	  0.433 
1248294401.047 	  45 	  5.023 	  0.439 
1248294401.283 	  45 	  5.084 	  0.439 
1248294401.518 	  45 	  5.090 	  0.438 
1248294401.752 	   9 	  3.613 	  0.286 
1248294401.752 	  45 	  5.063 	  0.443 
1248294401.986 	  63 	  2.768 	 -0.144 
1248294401.986 	  45 	  5.001 	  0.437 
1248294402.219 	  45 	  5.001 	  0.435 
1248294402.451 	   9 	  3.499 	  0.365 
1248294402.685 	  45 	  4.801 	  0.533 
1248294402.922 	  63 	  2.719 	 -0.056 
1248294402.922 	   9 	  3.434 	  0.389 
1248294402.922 	  45 	  4.754 	  0.536 
1248294403.160 	  63 	  2.696 	 -0.056 
1248294403.161 	   9 	  3.431 	  0.384 
1248294403.161 	  45 	  4.754 	  0.537 
1248294403.397 	  63 	  2.690 	 -0.063 
1248294403.627 	  63 	  2.691 	 -0.022 
1248294403.857 	  63 	  2.679 	  0.005 
1248294403.857 	   9 	  3.315 	  0.458 
1248294404.092 	  63 	  2.661 	 -0.070 
1248294404.092 	   9 	  3.418 	  0.385 
1248294404.092 	  45 	  4.754 	  0.531 
1248294404.330 	  63 	  2.675 	 -0.081 
1248294404.330 	   9 	  3.431 	  0.372 
1248294404.330 	  45 	  4.783 	  0.517 
1248294404.567 	  63 	  2.666 	 -0.085 
1248294404.567 	  45 	  4.833 	  0.511 
1248294404.800 	  63 	  2.634 	 -0.173 
1248294404.800 	   9 	  3.504 	  0.283 
1248294404.800 	  45 	  5.001 	  0.421 
1248294405.033 	  63 	  2.611 	 -0.239 
1248294405.033 	   9 	  3.541 	  0.217 
1248294405.034 	  45 	  5.090 	  0.353 
1248294405.272 	   9 	  3.584 	  0.153 
1248294405.272 	  45 	  5.182 	  0.288 
1248294405.502 	   9 	  3.624 	  0.059 
1248294405.503 	  45 	  5.277 	  0.198 
1248294405.733 	   9 	  3.628 	 -0.002 
1248294405.734 	  45 	  5.326 	  0.142 
1248294405.734 	  72 	  3.015 	  0.551 
1248294405.969 	   9 	  3.626 	 -0.054 
1248294405.969 	  45 	  5.367 	  0.088 
1248294405.969 	  72 	  3.108 	  0.490 
1248294406.248 	  72 	  3.196 	  0.416 
1248294406.477 	  72 	  3.261 	  0.378 
1248294406.705 	  90 	  4.833 	  0.450 
1248294406.935 	  90 	  4.833 	  0.413 
1248294407.162 	  72 	  3.379 	  0.212 
1248294407.391 	  90 	  5.090 	  0.307 
1248294407.619 	  72 	  3.458 	  0.097 
1248294407.619 	  90 	  5.090 	  0.254 
1248294407.847 	  90 	  5.182 	  0.218 
1248294408.304 	  18 	  1.549 	  0.544 
1248294408.533 	  18 	  1.576 	  0.509 
1248294408.761 	  18 	  1.598 	  0.471 
1248294408.990 	  18 	  1.635 	  0.423 
1248294409.219 	  90 	  5.277 	 -0.023 
1248294409.219 	  18 	  1.646 	  0.399 
1248294409.447 	  18 	  1.673 	  0.346 
1248294409.676 	  18 	  1.688 	  0.321 
1248294409.906 	  18 	  1.712 	  0.271 
1248294410.135 	  18 	  1.723 	  0.232 
1248294410.596 	  18 	  1.737 	  0.231 
1248294410.827 	  18 	  1.726 	  0.221 
1248294411.057 	  18 	  1.730 	  0.198 
1248294411.744 	  90 	  5.229 	 -0.153 
1248294411.971 	  18 	  1.666 	  0.334 
1248294412.198 	  18 	  1.575 	  0.491 
1248294412.882 	  72 	  3.405 	  0.200 
1248294413.112 	  72 	  3.401 	  0.198 
1248294413.341 	  90 	  5.001 	  0.324 
1248294413.571 	  90 	  5.090 	  0.282 
1248294413.798 	  72 	  3.451 	  0.056 
1248294414.026 	  18 	  1.522 	  0.567 
1248294414.258 	  18 	  1.554 	  0.525 
1248294414.487 	  18 	  1.600 	  0.463 
1248294414.716 	  18 	  1.632 	  0.400 
1248294414.947 	  72 	  3.379 	 -0.211 
1248294414.947 	  90 	  5.277 	 -0.047 
1248294414.947 	  18 	  1.651 	  0.368 
1248294415.179 	  18 	  1.675 	  0.316 
1248294415.411 	  18 	  1.699 	  0.265 
1248294415.644 	  90 	  5.182 	 -0.189 
1248294415.644 	  18 	  1.717 	  0.234 
1248294415.880 	  90 	  5.090 	 -0.226 
1248294415.880 	  18 	  1.733 	  0.189 
1248294416.151 	  18 	  1.737 	  0.144 
1248294416.382 	  18 	  1.745 	  0.112 
1248294416.614 	  18 	  1.756 	  0.056 
1248294416.845 	  18 	  1.757 	  0.015 
1248294417.078 	  18 	  1.753 	 -0.024 
1248294417.310 	  18 	  1.759 	 -0.060 
1248294417.547 	  18 	  1.754 	 -0.101 
1248294418.014 	  18 	  1.764 	 -0.017 
1248294418.484 	  18 	  1.747 	 -0.030 
1248294418.718 	  18 	  1.743 	 -0.060 
1248294418.953 	  18 	  1.739 	 -0.083 
1248294419.187 	  18 	  1.739 	 -0.101 
1248294419.653 	  18 	  1.736 	 -0.096 
1248294420.123 	  18 	  1.727 	 -0.053 
1248294420.360 	  18 	  1.720 	 -0.066 
1248294420.593 	  18 	  1.715 	 -0.105 
1248294420.828 	  18 	  1.716 	 -0.138 
1248294421.064 	  18 	  1.716 	 -0.151 
1248294421.297 	  18 	  1.717 	 -0.119 
1248294421.529 	  18 	  1.728 	 -0.017 
1248294421.758 	  18 	  1.722 	  0.091 
1248294421.987 	  18 	  1.706 	  0.202 
1248294422.220 	  18 	  1.642 	  0.346 
1248294422.452 	  18 	  1.644 	  0.346 
1248294422.683 	  18 	  1.643 	  0.343 
1248294422.911 	  18 	  1.659 	  0.312 
1248294423.139 	  18 	  1.681 	  0.248 
1248294423.367 	  18 	  1.688 	  0.222 
1248294423.597 	  18 	  1.711 	  0.146 
1248294423.827 	  18 	  1.723 	  0.099 
1248294424.058 	  18 	  1.725 	  0.048 
1248294424.290 	  18 	  1.725 	  0.004 
1248294424.522 	  18 	  1.722 	 -0.062 
1248294424.756 	  18 	  1.729 	 -0.092 
1248294424.990 	  18 	  1.711 	 -0.131 
1248294425.224 	  18 	  1.708 	 -0.181 
1248294425.460 	  18 	  1.699 	 -0.214 
1248294425.695 	  18 	  1.682 	 -0.262 
1248294425.951 	  18 	  1.673 	 -0.306 
1248294426.234 	  18 	  1.656 	 -0.343 
1248294429.299 	   7 	  1.859 	  0.543 
1248294429.533 	   7 	  1.919 	  0.444 
1248294429.767 	   7 	  1.969 	  0.362 
1248294430.001 	   7 	  2.007 	  0.232 
1248294430.235 	   7 	  2.030 	  0.155 
1248294430.473 	   7 	  2.040 	  0.081 
1248294430.707 	  70 	  3.741 	  0.569 
1248294430.942 	  70 	  3.868 	  0.490 
1248294431.177 	  70 	  4.000 	  0.408 
1248294431.412 	  36 	  2.786 	  0.515 
1248294431.647 	  36 	  2.864 	  0.429 
1248294431.883 	  70 	  4.247 	  0.122 
1248294431.883 	  36 	  2.941 	  0.346 
1248294432.116 	  36 	  3.003 	  0.222 
1248294432.348 	  36 	  3.033 	  0.139 
1248294432.581 	  36 	  3.065 	  0.058 
1248294432.811 	  36 	  3.033 	 -0.063 
1248294433.042 	  36 	  3.033 	 -0.142 
1248294433.273 	  16 	  3.720 	  0.437 
1248294433.505 	  16 	  3.868 	  0.309 
1248294433.737 	  16 	  3.897 	  0.229 
1248294433.973 	  16 	  3.973 	  0.141 
1248294434.432 	  27 	  2.389 	  0.514 
1248294434.675 	  27 	  2.469 	  0.430 
1248294434.933 	  27 	  2.546 	  0.302 
1248294435.683 	  27 	  2.615 	  0.144 
1248294435.909 	  27 	  2.616 	  0.024 
1248294436.171 	  27 	  2.613 	 -0.026 
1248294436.397 	  27 	  2.589 	 -0.113 
1248294436.623 	  27 	  2.589 	 -0.143 
1248294436.849 	  27 	  2.546 	 -0.190 
1248294437.076 	  81 	  1.359 	  0.531 
1248294437.302 	  81 	  1.389 	  0.463 
1248294437.757 	  63 	  2.567 	  0.496 
1248294437.985 	  81 	  1.441 	  0.332 
1248294438.447 	  81 	  1.453 	  0.300 
1248294438.447 	  63 	  2.647 	  0.415 
1248294438.676 	  63 	  2.668 	  0.388 
1248294438.905 	  63 	  2.708 	  0.333 
1248294439.135 	  63 	  2.718 	  0.295 
1248294439.366 	  63 	  2.734 	  0.278 
1248294439.597 	  81 	  1.469 	  0.159 
1248294439.597 	  63 	  2.739 	  0.275 
1248294439.828 	  63 	  2.731 	  0.271 
1248294440.060 	  63 	  2.735 	  0.271 
1248294440.292 	  63 	  2.713 	  0.269 
1248294440.524 	  63 	  2.715 	  0.271 
1248294440.756 	  63 	  2.699 	  0.272 
1248294440.987 	  63 	  2.716 	  0.272 
1248294441.219 	  63 	  2.683 	  0.273 
1248294441.450 	  63 	  2.675 	  0.275 
1248294441.681 	  63 	  2.667 	  0.278 
1248294441.911 	  63 	  2.653 	  0.278 
1248294442.143 	  63 	  2.647 	  0.278 
1248294442.375 	  63 	  2.641 	  0.278 
1248294442.605 	  63 	  2.638 	  0.278 
1248294442.837 	  63 	  2.618 	  0.278 
1248294443.068 	  63 	  2.616 	  0.278 
1248294443.298 	  63 	  2.615 	  0.280 
1248294443.529 	  63 	  2.601 	  0.280 
1248294443.760 	  63 	  2.598 	  0.282 
1248294443.992 	  63 	  2.595 	  0.283 
1248294444.224 	  63 	  2.574 	  0.287 
1248294444.455 	  63 	  2.565 	  0.287 
1248294444.685 	  63 	  2.574 	  0.278 
1248294444.916 	  81 	  1.285 	  0.175 
1248294444.916 	  63 	  2.560 	  0.283 
1248294445.147 	  63 	  2.534 	  0.292 
1248294445.378 	  63 	  2.535 	  0.294 
1248294445.610 	  63 	  2.526 	  0.296 
1248294445.840 	  63 	  2.526 	  0.297 
1248294446.122 	  63 	  2.510 	  0.299 
1248294446.352 	  63 	  2.496 	  0.299 
1248294446.811 	  63 	  2.471 	  0.299 
1248294447.043 	  63 	  2.463 	  0.302 
1248294447.497 	  63 	  2.484 	  0.167 
1248294447.725 	   9 	  3.162 	  0.526 
1248294447.954 	  63 	  2.490 	  0.004 
1248294448.185 	  45 	  4.833 	  0.478 
1248294448.415 	   9 	  3.458 	  0.244 
1248294448.646 	  45 	  5.090 	  0.273 
1248294448.877 	  45 	  5.238 	  0.191 
1248294449.108 	   9 	  3.499 	 -0.044 
1248294449.108 	  45 	  5.277 	  0.065 
1248294449.344 	   9 	  3.464 	 -0.129 
1248294449.344 	  45 	  5.277 	 -0.019 
1248294449.344 	  90 	  4.754 	  0.536 
1248294449.577 	   9 	  3.418 	 -0.201 
1248294449.577 	  45 	  5.277 	 -0.083 
1248294449.577 	  90 	  4.833 	  0.470 
1248294449.809 	  45 	  5.245 	 -0.137 
1248294449.809 	  90 	  4.933 	  0.416 
1248294450.287 	  45 	  5.182 	 -0.187 
1248294450.287 	  90 	  5.001 	  0.376 
1248294451.026 	  90 	  4.933 	  0.358 
1248294451.271 	  90 	  4.916 	  0.351 
1248294451.517 	  90 	  4.916 	  0.358 
1248294451.760 	  90 	  4.958 	  0.347 
1248294452.008 	  45 	  5.001 	 -0.227 
1248294452.009 	  90 	  4.916 	  0.351 
1248294452.245 	  45 	  5.001 	 -0.216 
1248294452.245 	  90 	  4.833 	  0.356 
1248294452.481 	  90 	  4.916 	  0.354 
1248294452.741 	  90 	  4.854 	  0.329 
1248294453.237 	  90 	  4.916 	  0.300 
1248294453.469 	  90 	  4.916 	  0.294 
1248294453.702 	  90 	  4.888 	  0.297 
1248294453.936 	  90 	  4.861 	  0.297 
1248294454.170 	  90 	  4.833 	  0.302 
1248294454.410 	  90 	  4.771 	  0.302 
1248294454.653 	  90 	  4.766 	  0.304 
1248294454.899 	  90 	  4.780 	  0.304 
1248294455.881 	  90 	  4.749 	  0.313 
1248294456.151 	  90 	  4.682 	  0.315 
1248294456.859 	  90 	  4.683 	  0.318 
1248294457.090 	  90 	  4.609 	  0.316 
1248294457.319 	  90 	  4.610 	  0.317 
1248294457.550 	  90 	  4.602 	  0.320 
1248294457.780 	  90 	  4.610 	  0.320 
1248294458.011 	  90 	  4.602 	  0.315 
1248294458.242 	  90 	  4.530 	  0.319 
1248294458.473 	  90 	  4.554 	  0.323 
1248294458.703 	  90 	  4.530 	  0.320 
1248294458.933 	  90 	  4.460 	  0.329 
1248294459.158 	  90 	  4.516 	  0.329 
1248294459.380 	  90 	  4.460 	  0.334 
1248294459.826 	  90 	  4.460 	  0.311 
1248294460.054 	  90 	  4.420 	  0.309 
1248294460.731 	  90 	  4.460 	  0.297 
1248294460.961 	  90 	  4.452 	  0.296 
1248294461.636 	  90 	  4.346 	  0.320 
1248294462.096 	  90 	  4.393 	  0.326 
1248294462.799 	  72 	  2.604 	  0.215 
1248294462.799 	  90 	  4.341 	  0.324 
1248294463.037 	  72 	  2.617 	  0.209 
1248294463.038 	  90 	  4.327 	  0.324 
1248294463.273 	  72 	  2.621 	  0.214 
1248294463.273 	  90 	  4.366 	  0.323 
1248294463.514 	  90 	  4.334 	  0.317 
1248294464.319 	  90 	  4.327 	  0.312 
1248294464.581 	  90 	  4.316 	  0.302 
1248294464.818 	  90 	  4.327 	  0.283 
1248294465.060 	  90 	  4.264 	  0.298 
1248294465.302 	  90 	  4.211 	  0.303 
1248294465.562 	  90 	  4.217 	  0.300 
1248294466.118 	  90 	  4.202 	  0.291 
1248294466.346 	  72 	  2.418 	  0.201 
1248294466.575 	  90 	  4.142 	  0.297 
1248294466.809 	  90 	  4.142 	  0.290 
1248294467.039 	  90 	  4.142 	  0.292 
1248294467.268 	  90 	  4.142 	  0.277 
1248294467.496 	  90 	  4.136 	  0.274 
1248294467.727 	  90 	  4.084 	  0.283 
1248294468.643 	  90 	  4.015 	  0.288 
1248294468.867 	  90 	  3.985 	  0.285 
1248294469.089 	  90 	  4.028 	  0.277 
1248294469.534 	  90 	  3.973 	  0.291 
1248294469.757 	  90 	  4.000 	  0.287 
1248294469.981 	  90 	  3.976 	  0.289 
1248294470.204 	  90 	  3.981 	  0.289 
1248294470.427 	  90 	  3.976 	  0.289 
1248294470.651 	  90 	  3.953 	  0.288 
1248294470.875 	  90 	  3.985 	  0.287 
1248294471.100 	  90 	  3.979 	  0.289 
1248294471.323 	  90 	  3.980 	  0.289 
1248294471.546 	  90 	  3.980 	  0.289 
1248294471.770 	  90 	  3.973 	  0.288 
1248294471.994 	  90 	  3.982 	  0.288 
1248294472.217 	  90 	  3.980 	  0.289 
1248294472.440 	  90 	  3.980 	  0.289 
1248294472.664 	  90 	  3.977 	  0.289 
1248294472.891 	  90 	  3.973 	  0.288 
1248294473.120 	  90 	  3.984 	  0.288 
1248294473.351 	  90 	  3.981 	  0.288 
1248294473.579 	  90 	  3.983 	  0.289 
1248294473.815 	  72 	  2.214 	  0.191 
1248294473.815 	  90 	  3.981 	  0.289 
1248294474.051 	  72 	  2.215 	  0.191 
1248294474.051 	  90 	  3.981 	  0.289 
1248294474.280 	  72 	  2.213 	  0.191 
1248294474.280 	  90 	  3.986 	  0.288 
1248294474.508 	  72 	  2.216 	  0.191 
1248294474.508 	  90 	  3.981 	  0.288 
1248294474.736 	  72 	  2.215 	  0.191 
1248294474.737 	  90 	  3.981 	  0.289 
1248294474.965 	  72 	  2.217 	  0.191 
1248294474.965 	  90 	  3.973 	  0.289 
1248294475.193 	  72 	  2.217 	  0.191 
1248294475.194 	  90 	  3.985 	  0.288 
1248294475.421 	  72 	  2.215 	  0.191 
1248294475.422 	  90 	  3.977 	  0.289 
1248294475.653 	  72 	  2.215 	  0.191 
1248294475.654 	  90 	  3.976 	  0.288 
1248294475.891 	  72 	  2.216 	  0.191 
1248294475.892 	  90 	  3.981 	  0.288 
1248294476.623 	  72 	  2.186 	  0.173 
1248294476.623 	  90 	  3.973 	  0.271 
1248294477.307 	  90 	  3.919 	  0.267 
1248294477.535 	  90 	  3.919 	  0.262 
1248294477.766 	  90 	  3.919 	  0.258 
1248294477.993 	  90 	  3.919 	  0.263 
1248294478.448 	  90 	  3.868 	  0.265 
1248294478.676 	  72 	  2.042 	  0.172 
1248294478.676 	  90 	  3.824 	  0.267 
1248294478.905 	  72 	  2.063 	  0.153 
1248294479.134 	  90 	  3.817 	  0.246 
1248294479.361 	  90 	  3.768 	  0.256 
1248294479.589 	  90 	  3.776 	  0.260 
1248294480.273 	  90 	  3.720 	  0.258 
1248294480.501 	  90 	  3.720 	  0.261 
1248294480.730 	  90 	  3.720 	  0.241 
1248294480.958 	  90 	  3.681 	  0.246 
1248294481.187 	  90 	  3.708 	  0.244 
1248294481.415 	  90 	  3.669 	  0.246 
1248294481.642 	  90 	  3.674 	  0.239 
1248294481.865 	  90 	  3.674 	  0.238 
1248294482.086 	  90 	  3.635 	  0.234 
1248294482.306 	  90 	  3.628 	  0.222 
1248294482.534 	  72 	  1.781 	  0.128 
1248294482.534 	  90 	  3.620 	  0.213 
1248294482.762 	  72 	  1.785 	  0.131 
1248294482.762 	  90 	  3.628 	  0.206 
1248294483.669 	  72 	  1.740 	  0.101 
1248294483.669 	  90 	  3.559 	  0.193 
1248294483.903 	  72 	  1.744 	  0.108 
1248294483.903 	  90 	  3.586 	  0.191 
1248294484.371 	  72 	  1.718 	  0.121 
1248294484.371 	  90 	  3.541 	  0.207 
1248294484.605 	  90 	  3.539 	  0.217 
1248294485.085 	  72 	  1.665 	  0.126 
1248294485.085 	  90 	  3.477 	  0.215 
1248294485.317 	  72 	  1.656 	  0.103 
1248294485.318 	  90 	  3.474 	  0.207 
1248294485.551 	  72 	  1.625 	  0.134 
1248294485.551 	  90 	  3.460 	  0.215 
1248294485.798 	  72 	  1.622 	  0.106 
1248294486.043 	  90 	  3.424 	  0.201 
1248294486.283 	  90 	  3.392 	  0.206 
1248294486.518 	  72 	  1.561 	  0.117 
1248294486.518 	  90 	  3.404 	  0.196 
1248294486.756 	  90 	  3.385 	  0.194 
1248294487.243 	  72 	  1.510 	  0.108 
1248294487.243 	  90 	  3.340 	  0.186 
1248294487.478 	  72 	  1.500 	  0.114 
1248294487.478 	  90 	  3.350 	  0.194 
1248294487.710 	  90 	  3.296 	  0.195 
1248294487.940 	  90 	  3.303 	  0.182 
1248294488.166 	  72 	  1.427 	  0.188 
1248294488.166 	  90 	  3.231 	  0.255 
1248294488.394 	  90 	  3.166 	  0.324 
1248294488.623 	  90 	  3.049 	  0.430 
1248294488.853 	  90 	  2.973 	  0.494 
1248294489.082 	  72 	  1.280 	  0.487 
1248294489.314 	  72 	  1.244 	  0.546 
1248294489.545 	  45 	  3.267 	 -0.175 
1248294489.777 	  45 	  3.267 	 -0.103 
1248294490.006 	  45 	  3.281 	 -0.050 
1248294490.232 	  45 	  3.267 	  0.032 
1248294490.457 	  45 	  3.241 	  0.091 
1248294490.684 	  45 	  3.231 	  0.125 
1248294490.914 	  45 	  3.201 	  0.167 
1248294491.158 	  45 	  3.162 	  0.229 
1248294491.624 	  45 	  3.126 	  0.251 
1248294491.873 	  45 	  3.134 	  0.251 
1248294492.106 	  45 	  3.133 	  0.251 
1248294492.338 	  45 	  3.114 	  0.251 
1248294492.571 	  45 	  3.119 	  0.251 
1248294492.803 	  45 	  3.137 	  0.251 
1248294493.036 	  45 	  3.137 	  0.251 
1248294493.268 	  45 	  3.134 	  0.251 
1248294493.501 	  45 	  3.114 	  0.251 
1248294493.733 	  45 	  3.126 	  0.251 
1248294493.965 	  45 	  3.123 	  0.251 
1248294494.201 	   9 	  1.659 	 -0.221 
1248294494.201 	  45 	  3.131 	  0.251 
1248294494.435 	   9 	  1.658 	 -0.222 
1248294494.435 	  45 	  3.131 	  0.251 
1248294494.669 	   9 	  1.656 	 -0.223 
1248294494.669 	  45 	  3.131 	  0.251 
1248294494.904 	   9 	  1.665 	 -0.219 
1248294494.904 	  45 	  3.125 	  0.251 
1248294495.138 	   9 	  1.669 	 -0.216 
1248294495.138 	  45 	  3.128 	  0.251 
1248294495.372 	   9 	  1.659 	 -0.222 
1248294495.372 	  45 	  3.122 	  0.251 
1248294495.607 	   9 	  1.662 	 -0.221 
1248294495.608 	  45 	  3.133 	  0.251 
1248294495.841 	   9 	  1.669 	 -0.215 
1248294495.842 	  45 	  3.130 	  0.251 
1248294496.499 	  45 	  3.131 	  0.251 
1248294496.742 	  45 	  3.130 	  0.251 
1248294496.974 	   9 	  1.658 	 -0.244 
1248294496.974 	  45 	  3.131 	  0.251 
1248294497.208 	   9 	  1.660 	 -0.244 
1248294497.208 	  45 	  3.129 	  0.251 
1248294497.440 	   9 	  1.656 	 -0.222 
1248294497.440 	  45 	  3.129 	  0.251 
1248294497.673 	   9 	  1.665 	 -0.217 
1248294497.673 	  45 	  3.118 	  0.251 
1248294497.909 	   9 	  1.661 	 -0.242 
1248294497.909 	  45 	  3.126 	  0.251 
1248294498.141 	   9 	  1.660 	 -0.220 
1248294498.141 	  45 	  3.128 	  0.251 
1248294498.374 	   9 	  1.653 	 -0.242 
1248294498.374 	  45 	  3.131 	  0.251 
1248294498.608 	   9 	  1.660 	 -0.218 
1248294498.608 	  45 	  3.125 	  0.251 
1248294498.840 	   9 	  1.656 	 -0.269 
1248294498.841 	  45 	  3.125 	  0.251 
1248294499.073 	   9 	  1.661 	 -0.218 
1248294499.073 	  45 	  3.133 	  0.251 
1248294499.307 	   9 	  1.665 	 -0.241 
1248294499.308 	  45 	  3.130 	  0.251 
1248294499.540 	   9 	  1.668 	 -0.239 
1248294499.540 	  45 	  3.125 	  0.251 
1248294499.773 	   9 	  1.659 	 -0.221 
1248294499.773 	  45 	  3.128 	  0.251 
1248294500.006 	   9 	  1.673 	 -0.211 
1248294500.006 	  45 	  3.128 	  0.251 
1248294500.239 	   9 	  1.661 	 -0.218 
1248294500.239 	  45 	  3.131 	  0.251 
1248294500.471 	   9 	  1.658 	 -0.222 
1248294500.472 	  45 	  3.129 	  0.251 
1248294500.705 	   9 	  1.665 	 -0.219 
1248294500.705 	  45 	  3.125 	  0.251 
1248294500.940 	   9 	  1.656 	 -0.224 
1248294500.940 	  45 	  3.124 	  0.251 
1248294501.173 	   9 	  1.668 	 -0.240 
1248294501.173 	  45 	  3.126 	  0.251 
1248294501.406 	   9 	  1.648 	 -0.230 
1248294501.407 	  45 	  3.125 	  0.251 
1248294501.639 	   9 	  1.665 	 -0.220 
1248294501.639 	  45 	  3.126 	  0.251 
1248294501.872 	   9 	  1.669 	 -0.216 
1248294501.872 	  45 	  3.129 	  0.251 
1248294502.106 	   9 	  1.665 	 -0.217 
1248294502.106 	  45 	  3.124 	  0.251 
1248294502.338 	   9 	  1.656 	 -0.225 
1248294502.338 	  45 	  3.129 	  0.250 
1248294502.571 	   9 	  1.656 	 -0.224 
1248294502.571 	  45 	  3.125 	  0.251 
1248294502.804 	   9 	  1.656 	 -0.223 
1248294502.804 	  45 	  3.126 	  0.251 
1248294503.037 	   9 	  1.665 	 -0.219 
1248294503.037 	  45 	  3.129 	  0.251 
1248294503.270 	   9 	  1.660 	 -0.221 
1248294503.270 	  45 	  3.128 	  0.251 
1248294503.503 	   9 	  1.656 	 -0.224 
1248294503.503 	  45 	  3.124 	  0.251 
1248294503.736 	   9 	  1.665 	 -0.219 
1248294503.736 	  45 	  3.128 	  0.251 
1248294503.969 	   9 	  1.660 	 -0.222 
1248294503.969 	  45 	  3.125 	  0.251 
1248294504.202 	   9 	  1.669 	 -0.216 
1248294504.202 	  45 	  3.125 	  0.251 
1248294504.435 	   9 	  1.673 	 -0.214 
1248294504.435 	  45 	  3.125 	  0.251 
1248294504.667 	   9 	  1.656 	 -0.224 
1248294504.667 	  45 	  3.126 	  0.251 
1248294504.900 	   9 	  1.665 	 -0.219 
1248294504.900 	  45 	  3.118 	  0.251 
1248294505.133 	   9 	  1.663 	 -0.219 
1248294505.133 	  45 	  3.125 	  0.251 
1248294505.365 	   9 	  1.665 	 -0.219 
1248294505.365 	  45 	  3.128 	  0.251 
1248294505.598 	   9 	  1.655 	 -0.241 
1248294505.598 	  45 	  3.125 	  0.251 
1248294505.831 	   9 	  1.665 	 -0.219 
1248294505.831 	  45 	  3.122 	  0.251 
1248294506.066 	  45 	  3.119 	  0.251 
1248294506.299 	   9 	  1.656 	 -0.224 
1248294506.299 	  45 	  3.122 	  0.251 
1248294506.532 	   9 	  1.660 	 -0.221 
1248294506.532 	  45 	  3.125 	  0.251 
1248294506.765 	   9 	  1.656 	 -0.225 
1248294506.765 	  45 	  3.122 	  0.251 
1248294506.997 	   9 	  1.659 	 -0.221 
1248294506.998 	  45 	  3.123 	  0.251 
1248294507.636 	  45 	  3.125 	  0.251 
1248294507.865 	  45 	  3.123 	  0.251 
1248294508.095 	  45 	  3.123 	  0.251 
1248294508.324 	  45 	  3.120 	  0.251 
1248294508.553 	  45 	  3.123 	  0.251 
1248294508.782 	  45 	  3.117 	  0.251 
1248294509.012 	  45 	  3.123 	  0.251 
1248294509.241 	  45 	  3.122 	  0.251 
1248294509.470 	  45 	  3.117 	  0.251 
1248294509.700 	  45 	  3.119 	  0.251 
1248294509.929 	  45 	  3.122 	  0.251 
1248294510.158 	  45 	  3.119 	  0.251 
1248294510.387 	  45 	  3.129 	  0.251 
1248294510.617 	  45 	  3.117 	  0.251 
1248294510.846 	  45 	  3.122 	  0.251 
1248294511.077 	  45 	  3.119 	  0.251 
1248294511.307 	  45 	  3.118 	  0.251 
1248294511.536 	  45 	  3.117 	  0.251 
1248294511.765 	  45 	  3.123 	  0.251 
1248294511.995 	  45 	  3.114 	  0.251 
1248294512.224 	  45 	  3.116 	  0.251 
1248294512.456 	  45 	  3.124 	  0.251 
1248294512.685 	  45 	  3.116 	  0.251 
1248294512.915 	  45 	  3.116 	  0.251 
1248294513.144 	  45 	  3.117 	  0.251 
1248294513.373 	  45 	  3.120 	  0.251 
1248294513.602 	  45 	  3.113 	  0.251 
1248294513.831 	  45 	  3.122 	  0.251 
1248294514.061 	  45 	  3.124 	  0.251 
1248294514.291 	  45 	  3.119 	  0.250 
1248294514.520 	  45 	  3.120 	  0.251 
1248294514.750 	  45 	  3.117 	  0.250 
1248294514.979 	  45 	  3.118 	  0.251 
1248294515.208 	  45 	  3.116 	  0.251 
1248294515.438 	  45 	  3.114 	  0.250 
1248294515.667 	  45 	  3.113 	  0.251 
1248294515.916 	  45 	  3.118 	  0.251 
1248294516.147 	  45 	  3.120 	  0.251 
1248294516.376 	  45 	  3.116 	  0.251 
1248294516.605 	  45 	  3.123 	  0.251 
1248294516.834 	  45 	  3.125 	  0.251 
1248294517.063 	  45 	  3.119 	  0.251 
1248294517.292 	  45 	  3.120 	  0.251 
1248294517.522 	  45 	  3.118 	  0.251 
1248294517.751 	  45 	  3.117 	  0.251 
1248294517.980 	  45 	  3.118 	  0.251 
1248294518.720 	  45 	  3.122 	  0.251 
1248294518.949 	  45 	  3.114 	  0.251 
1248294519.181 	  45 	  3.114 	  0.251 
1248294519.413 	  45 	  3.118 	  0.251 
1248294519.642 	  45 	  3.122 	  0.251 
1248294519.872 	  45 	  3.113 	  0.251 
1248294520.101 	  45 	  3.117 	  0.251 
1248294520.330 	  45 	  3.116 	  0.251 
1248294520.559 	  45 	  3.116 	  0.251 
1248294520.789 	  45 	  3.116 	  0.251 
1248294521.020 	  45 	  3.118 	  0.251 
1248294521.249 	  45 	  3.119 	  0.251 
1248294521.478 	  45 	  3.117 	  0.251 
1248294521.709 	  45 	  3.113 	  0.251 
1248294521.938 	  45 	  3.116 	  0.251 
1248294522.168 	  45 	  3.120 	  0.251 
1248294522.397 	  45 	  3.119 	  0.251 
1248294522.626 	  45 	  3.119 	  0.251 
1248294522.856 	  45 	  3.116 	  0.251 
1248294523.085 	  45 	  3.119 	  0.251 
1248294523.315 	  45 	  3.117 	  0.251 
1248294523.544 	  45 	  3.118 	  0.251 
1248294523.773 	  45 	  3.118 	  0.251 
1248294524.002 	  45 	  3.119 	  0.251 
1248294524.232 	  45 	  3.120 	  0.251 
1248294524.461 	  45 	  3.119 	  0.251 
1248294524.690 	  45 	  3.122 	  0.251 
1248294524.920 	  45 	  3.117 	  0.251 
1248294525.149 	  45 	  3.117 	  0.251 
1248294525.378 	  45 	  3.119 	  0.251 
1248294525.608 	  45 	  3.119 	  0.251 
1248294525.837 	  45 	  3.113 	  0.251 
1248294526.068 	  45 	  3.119 	  0.251 
1248294526.297 	  45 	  3.124 	  0.251 
1248294526.526 	  45 	  3.117 	  0.251 
1248294526.756 	  45 	  3.123 	  0.251 
1248294526.985 	  45 	  3.114 	  0.251 
1248294527.214 	  45 	  3.118 	  0.251 
1248294527.444 	  45 	  3.118 	  0.251 
1248294527.673 	  45 	  3.119 	  0.251 
1248294527.903 	   9 	  1.660 	 -0.220 
1248294527.903 	  45 	  3.118 	  0.251 
1248294528.132 	  45 	  3.120 	  0.251 
1248294528.361 	  45 	  3.117 	  0.251 
1248294528.590 	  45 	  3.118 	  0.251 
1248294528.820 	  45 	  3.122 	  0.251 
1248294529.049 	  45 	  3.117 	  0.251 
1248294529.886 	  45 	  3.117 	  0.251 
1248294530.116 	  45 	  3.116 	  0.251 
1248294530.345 	  45 	  3.120 	  0.251 
1248294530.574 	  45 	  3.116 	  0.251 
1248294530.803 	  45 	  3.117 	  0.251 
1248294531.034 	  45 	  3.116 	  0.251 
1248294531.263 	  45 	  3.114 	  0.251 
1248294531.492 	  45 	  3.114 	  0.251 
1248294531.722 	  45 	  3.116 	  0.251 
1248294531.951 	  45 	  3.122 	  0.251 
1248294532.180 	  45 	  3.118 	  0.251 
1248294532.409 	  45 	  3.123 	  0.251 
1248294532.639 	  45 	  3.118 	  0.251 
1248294532.868 	  45 	  3.113 	  0.251 
1248294533.097 	  45 	  3.116 	  0.251 
1248294533.326 	  45 	  3.116 	  0.251 
1248294533.556 	  45 	  3.118 	  0.251 
1248294533.785 	  45 	  3.119 	  0.251 
1248294534.015 	  45 	  3.117 	  0.251 
1248294534.245 	  45 	  3.114 	  0.251 
1248294534.474 	  45 	  3.120 	  0.251 
1248294534.703 	  45 	  3.116 	  0.251 
1248294534.932 	  45 	  3.116 	  0.251 
1248294535.162 	  45 	  3.119 	  0.251 
1248294535.391 	  45 	  3.114 	  0.251 
1248294535.620 	  45 	  3.118 	  0.251 
1248294535.849 	  45 	  3.114 	  0.251 
1248294536.080 	  45 	  3.118 	  0.251 
1248294536.309 	  45 	  3.119 	  0.251 
1248294536.539 	  45 	  3.117 	  0.251 
1248294536.768 	  45 	  3.118 	  0.251 
1248294536.997 	  45 	  3.118 	  0.251 
1248294537.227 	  45 	  3.114 	  0.251 
1248294537.456 	  45 	  3.118 	  0.251 
1248294537.685 	  45 	  3.113 	  0.251 
1248294537.914 	  45 	  3.114 	  0.251 
1248294538.144 	  45 	  3.114 	  0.251 
1248294538.373 	  45 	  3.117 	  0.251 
1248294538.602 	  45 	  3.114 	  0.251 
1248294538.832 	  45 	  3.117 	  0.251 
1248294539.064 	  45 	  3.117 	  0.251 
1248294539.295 	  45 	  3.116 	  0.251 
1248294539.524 	  45 	  3.117 	  0.251 
1248294539.754 	  45 	  3.113 	  0.251 
1248294539.984 	  45 	  3.118 	  0.251 
1248294540.476 	  45 	  3.113 	  0.251 
1248294540.706 	  45 	  3.114 	  0.251 
1248294540.935 	  45 	  3.116 	  0.251 
1248294541.167 	  45 	  3.116 	  0.251 
1248294541.396 	  45 	  3.118 	  0.251 
1248294541.626 	  45 	  3.113 	  0.251 
1248294541.855 	  45 	  3.118 	  0.251 
1248294542.085 	  45 	  3.114 	  0.251 
1248294542.314 	  45 	  3.114 	  0.251 
1248294542.543 	  45 	  3.114 	  0.251 
1248294542.773 	  45 	  3.115 	  0.250 
1248294543.002 	  45 	  3.118 	  0.251 
1248294543.232 	  45 	  3.116 	  0.251 
1248294543.461 	  45 	  3.114 	  0.251 
1248294543.690 	  45 	  3.118 	  0.251 
1248294543.920 	  45 	  3.116 	  0.251 
1248294544.149 	  45 	  3.113 	  0.251 
1248294544.379 	  45 	  3.114 	  0.251 
1248294544.608 	  45 	  3.118 	  0.251 
1248294544.837 	  45 	  3.117 	  0.251 
1248294545.067 	  45 	  3.116 	  0.251 
1248294545.296 	  45 	  3.119 	  0.251 
1248294545.525 	  45 	  3.116 	  0.251 
1248294545.767 	   9 	  1.658 	 -0.222 
1248294545.767 	  45 	  3.117 	  0.251 
1248294546.000 	  45 	  3.119 	  0.251 
1248294546.231 	  45 	  3.114 	  0.251 
1248294546.460 	  45 	  3.114 	  0.251 
1248294546.689 	  45 	  3.120 	  0.251 
1248294546.919 	  45 	  3.116 	  0.251 
1248294547.148 	  45 	  3.117 	  0.251 
1248294547.377 	  45 	  3.114 	  0.251 
1248294547.607 	  45 	  3.119 	  0.251 
1248294547.836 	  45 	  3.114 	  0.251 
1248294548.065 	  45 	  3.116 	  0.251 
1248294548.295 	  45 	  3.114 	  0.251 
1248294548.524 	  45 	  3.116 	  0.251 
1248294548.753 	  45 	  3.114 	  0.251 
1248294548.983 	  45 	  3.113 	  0.251 
1248294549.212 	  45 	  3.117 	  0.251 
1248294549.442 	  45 	  3.118 	  0.251 
1248294549.671 	  45 	  3.119 	  0.251 
1248294549.900 	  45 	  3.117 	  0.251 
1248294550.130 	  45 	  3.114 	  0.251 
1248294550.359 	  45 	  3.114 	  0.251 
1248294550.588 	  45 	  3.114 	  0.251 
1248294550.818 	  45 	  3.116 	  0.251 
1248294551.049 	  45 	  3.113 	  0.251 
1248294551.614 	  45 	  3.117 	  0.251 
1248294551.843 	  45 	  3.120 	  0.251 
1248294552.073 	  45 	  3.117 	  0.251 
1248294552.302 	  45 	  3.117 	  0.251 
1248294552.531 	  45 	  3.114 	  0.251 
1248294552.761 	  45 	  3.114 	  0.251 
1248294552.990 	  45 	  3.117 	  0.251 
1248294553.220 	  45 	  3.117 	  0.251 
1248294553.449 	  45 	  3.114 	  0.251 
1248294553.678 	  45 	  3.113 	  0.250 
1248294553.907 	  45 	  3.117 	  0.251 
1248294554.142 	  45 	  3.116 	  0.251 
1248294554.373 	  45 	  3.114 	  0.251 
1248294554.605 	  45 	  3.116 	  0.251 
1248294554.834 	  45 	  3.119 	  0.251 
1248294555.063 	  45 	  3.114 	  0.251 
1248294555.293 	  45 	  3.113 	  0.251 
1248294555.522 	  45 	  3.114 	  0.251 
1248294555.751 	  45 	  3.116 	  0.251 
1248294555.980 	  45 	  3.116 	  0.251 
1248294556.212 	  45 	  3.117 	  0.251 
1248294556.442 	  45 	  3.114 	  0.251 
1248294556.671 	  45 	  3.114 	  0.251 
1248294556.900 	  45 	  3.116 	  0.251 
1248294557.130 	  45 	  3.116 	  0.251 
1248294557.359 	  45 	  3.116 	  0.251 
1248294557.588 	  45 	  3.114 	  0.251 
1248294557.818 	  45 	  3.116 	  0.251 
1248294558.047 	  45 	  3.114 	  0.251 
1248294558.277 	  45 	  3.114 	  0.251 
1248294558.506 	  45 	  3.116 	  0.251 
1248294558.735 	  45 	  3.117 	  0.251 
1248294558.965 	  45 	  3.116 	  0.251 
1248294559.194 	  45 	  3.116 	  0.251 
1248294559.424 	  45 	  3.116 	  0.251 
1248294559.653 	  45 	  3.116 	  0.251 
1248294559.882 	  45 	  3.114 	  0.251 
1248294560.111 	  45 	  3.116 	  0.251 
1248294560.341 	  45 	  3.114 	  0.251 
1248294560.570 	  45 	  3.114 	  0.251 
1248294560.799 	  45 	  3.116 	  0.251 
1248294561.028 	  45 	  3.114 	  0.251 
1248294561.259 	  45 	  3.114 	  0.251 
1248294561.488 	  45 	  3.114 	  0.251 
1248294561.718 	  45 	  3.114 	  0.251 
1248294561.947 	  45 	  3.116 	  0.251 
1248294562.557 	  45 	  3.113 	  0.251 
1248294562.786 	  45 	  3.114 	  0.251 
1248294563.015 	  45 	  3.117 	  0.251 
1248294563.245 	  45 	  3.116 	  0.251 
1248294563.474 	  45 	  3.114 	  0.251 
1248294563.704 	  45 	  3.118 	  0.251 
1248294563.933 	  45 	  3.116 	  0.251 
1248294564.163 	  45 	  3.114 	  0.251 
1248294564.392 	  45 	  3.117 	  0.251 
1248294564.622 	  45 	  3.116 	  0.251 
1248294564.851 	  45 	  3.116 	  0.251 
1248294565.081 	  45 	  3.114 	  0.251 
1248294565.310 	  45 	  3.114 	  0.251 
1248294565.540 	  45 	  3.114 	  0.251 
1248294565.769 	  45 	  3.117 	  0.251 
1248294565.998 	  45 	  3.116 	  0.251 
1248294566.230 	  45 	  3.117 	  0.251 
1248294566.460 	  45 	  3.115 	  0.250 
1248294566.689 	  45 	  3.114 	  0.251 
1248294566.918 	  45 	  3.114 	  0.251 
1248294567.147 	  45 	  3.116 	  0.251 
1248294567.376 	  45 	  3.116 	  0.251 
1248294567.606 	  45 	  3.117 	  0.251 
1248294567.835 	  45 	  3.116 	  0.251 
1248294568.065 	  45 	  3.118 	  0.251 
1248294568.294 	  45 	  3.116 	  0.251 
1248294568.523 	  45 	  3.116 	  0.251 
1248294568.753 	  45 	  3.114 	  0.251 
1248294568.982 	  45 	  3.114 	  0.251 
1248294569.212 	  45 	  3.113 	  0.251 
1248294569.441 	  45 	  3.116 	  0.251 
1248294569.670 	  45 	  3.117 	  0.251 
1248294569.900 	  45 	  3.117 	  0.251 
1248294570.130 	  45 	  3.117 	  0.251 
1248294570.359 	  45 	  3.116 	  0.251 
1248294570.588 	  45 	  3.117 	  0.251 
1248294570.818 	  45 	  3.116 	  0.251 
1248294571.047 	  45 	  3.114 	  0.251 
1248294571.277 	  45 	  3.114 	  0.251 
1248294571.506 	  45 	  3.117 	  0.251 
1248294571.736 	  45 	  3.116 	  0.251 
1248294571.965 	  45 	  3.114 	  0.251 
1248294572.194 	  45 	  3.116 	  0.251 
1248294572.424 	  45 	  3.116 	  0.251 
1248294572.653 	  45 	  3.117 	  0.251 
1248294572.882 	  45 	  3.116 	  0.251 
1248294573.576 	  45 	  3.116 	  0.251 
1248294573.806 	  45 	  3.114 	  0.251 
1248294574.035 	  45 	  3.116 	  0.251 
1248294574.266 	  45 	  3.116 	  0.251 
1248294574.495 	  45 	  3.116 	  0.251 
1248294574.724 	  45 	  3.116 	  0.251 
1248294574.953 	  45 	  3.116 	  0.251 
1248294575.182 	  45 	  3.116 	  0.251 
1248294575.412 	  45 	  3.116 	  0.251 
1248294575.641 	  45 	  3.114 	  0.251 
1248294575.892 	   9 	  1.658 	 -0.222 
1248294575.892 	  45 	  3.117 	  0.251 
1248294576.129 	   9 	  1.656 	 -0.239 
1248294576.129 	  45 	  3.116 	  0.251 
1248294576.367 	   9 	  1.658 	 -0.223 
1248294576.367 	  45 	  3.116 	  0.251 
1248294576.604 	   9 	  1.656 	 -0.224 
1248294576.604 	  45 	  3.116 	  0.251 
1248294576.843 	   9 	  1.663 	 -0.219 
1248294576.843 	  45 	  3.117 	  0.251 
1248294577.080 	   9 	  1.665 	 -0.217 
1248294577.080 	  45 	  3.116 	  0.251 
1248294577.317 	   9 	  1.661 	 -0.220 
1248294577.317 	  45 	  3.117 	  0.251 
1248294577.555 	   9 	  1.665 	 -0.219 
1248294577.555 	  45 	  3.114 	  0.251 
1248294577.785 	  45 	  3.116 	  0.251 
1248294578.015 	  45 	  3.117 	  0.251 
1248294578.244 	  45 	  3.116 	  0.251 
1248294578.474 	  45 	  3.116 	  0.251 
1248294578.703 	  45 	  3.116 	  0.251 
1248294578.932 	  45 	  3.116 	  0.251 
1248294579.162 	  45 	  3.116 	  0.251 
1248294579.391 	  45 	  3.116 	  0.251 
1248294579.621 	  45 	  3.116 	  0.251 
1248294579.850 	  45 	  3.116 	  0.251 
1248294580.079 	  45 	  3.116 	  0.251 
1248294580.308 	  45 	  3.117 	  0.251 
1248294580.538 	  45 	  3.116 	  0.251 
1248294580.769 	  45 	  3.116 	  0.251 
1248294580.999 	  45 	  3.114 	  0.251 
1248294581.228 	  45 	  3.117 	  0.251 
1248294581.457 	  45 	  3.115 	  0.250 
1248294581.686 	  45 	  3.117 	  0.251 
1248294581.939 	   9 	  1.669 	 -0.215 
1248294581.939 	  45 	  3.118 	  0.251 
1248294582.184 	   9 	  1.657 	 -0.224 
1248294582.184 	  45 	  3.117 	  0.251 
1248294582.430 	   9 	  1.665 	 -0.219 
1248294582.430 	  45 	  3.114 	  0.251 
1248294582.677 	   9 	  1.659 	 -0.222 
1248294582.677 	  45 	  3.116 	  0.250 
1248294582.923 	   9 	  1.662 	 -0.219 
1248294582.923 	  45 	  3.116 	  0.251 
1248294583.160 	   9 	  1.665 	 -0.219 
1248294583.160 	  45 	  3.116 	  0.251 
1248294583.396 	   9 	  1.663 	 -0.219 
1248294583.396 	  45 	  3.116 	  0.251 
1248294583.631 	   9 	  1.662 	 -0.218 
1248294583.632 	  45 	  3.118 	  0.251 
1248294583.867 	   9 	  1.669 	 -0.215 
1248294583.868 	  45 	  3.117 	  0.251 
1248294584.157 	  45 	  3.116 	  0.251 
1248294584.401 	   9 	  1.660 	 -0.219 
1248294584.401 	  45 	  3.116 	  0.251 
1248294584.672 	  45 	  3.116 	  0.251 
1248294584.907 	  45 	  3.116 	  0.251 
1248294585.140 	  45 	  3.116 	  0.251 
1248294585.372 	  45 	  3.116 	  0.251 
1248294585.604 	  45 	  3.116 	  0.251 
1248294585.846 	  45 	  3.114 	  0.251 
1248294586.079 	  45 	  3.116 	  0.251 
1248294586.311 	  45 	  3.117 	  0.251 
1248294586.544 	  45 	  3.117 	  0.251 
1248294586.889 	   9 	  1.656 	 -0.224 
1248294586.889 	  45 	  3.118 	  0.251 
1248294587.253 	   9 	  1.660 	 -0.241 
1248294587.253 	  45 	  3.114 	  0.251 
1248294587.575 	   9 	  1.668 	 -0.216 
1248294587.575 	  45 	  3.116 	  0.251 
1248294587.833 	   9 	  1.669 	 -0.215 
1248294587.833 	  45 	  3.116 	  0.251 
1248294588.067 	   9 	  1.660 	 -0.220 
1248294588.067 	  45 	  3.116 	  0.251 
1248294588.301 	   9 	  1.660 	 -0.244 
1248294588.301 	  45 	  3.117 	  0.251 
1248294588.535 	   9 	  1.663 	 -0.217 
1248294588.535 	  45 	  3.117 	  0.251 
1248294588.769 	   9 	  1.663 	 -0.217 
1248294588.770 	  45 	  3.116 	  0.251 
1248294589.004 	   9 	  1.655 	 -0.226 
1248294589.004 	  45 	  3.114 	  0.251 
1248294589.241 	   9 	  1.658 	 -0.221 
1248294589.242 	  45 	  3.117 	  0.251 
1248294589.479 	   9 	  1.656 	 -0.224 
1248294589.479 	  45 	  3.116 	  0.250 
1248294589.714 	   9 	  1.660 	 -0.223 
1248294589.715 	  45 	  3.117 	  0.251 
1248294589.949 	   9 	  1.660 	 -0.222 
1248294589.950 	  45 	  3.116 	  0.251 
1248294590.184 	   9 	  1.656 	 -0.226 
1248294590.184 	  45 	  3.116 	  0.251 
1248294590.418 	   9 	  1.655 	 -0.241 
1248294590.418 	  45 	  3.114 	  0.251 
1248294590.653 	   9 	  1.663 	 -0.217 
1248294590.653 	  45 	  3.117 	  0.251 
1248294590.887 	   9 	  1.652 	 -0.227 
1248294590.888 	  45 	  3.116 	  0.251 
1248294591.122 	   9 	  1.656 	 -0.226 
1248294591.122 	  45 	  3.116 	  0.251 
1248294591.357 	  45 	  3.117 	  0.251 
1248294591.591 	   9 	  1.658 	 -0.222 
1248294591.591 	  45 	  3.116 	  0.251 
1248294591.828 	   9 	  1.662 	 -0.217 
1248294591.828 	  45 	  3.116 	  0.251 
1248294592.063 	   9 	  1.660 	 -0.220 
1248294592.063 	  45 	  3.117 	  0.251 
1248294592.297 	   9 	  1.665 	 -0.216 
1248294592.297 	  45 	  3.116 	  0.251 
1248294592.531 	   9 	  1.659 	 -0.221 
1248294592.531 	  45 	  3.117 	  0.251 
1248294592.765 	   9 	  1.661 	 -0.219 
1248294592.765 	  45 	  3.117 	  0.251 
1248294592.999 	   9 	  1.665 	 -0.219 
1248294592.999 	  45 	  3.116 	  0.251 
1248294593.233 	   9 	  1.669 	 -0.215 
1248294593.233 	  45 	  3.116 	  0.251 
1248294593.467 	   9 	  1.658 	 -0.222 
1248294593.468 	  45 	  3.116 	  0.251 
1248294593.702 	   9 	  1.659 	 -0.243 
1248294593.702 	  45 	  3.116 	  0.251 
1248294593.936 	   9 	  1.652 	 -0.225 
1248294593.936 	  45 	  3.116 	  0.251 
1248294594.179 	  45 	  3.117 	  0.251 
1248294594.411 	  45 	  3.116 	  0.251 
1248294594.645 	  45 	  3.116 	  0.251 
1248294594.877 	  45 	  3.116 	  0.251 
1248294595.110 	  45 	  3.117 	  0.251 
1248294595.343 	  45 	  3.117 	  0.251 
1248294595.576 	  45 	  3.116 	  0.251 
1248294595.808 	  45 	  3.116 	  0.251 
1248294596.041 	  45 	  3.117 	  0.251 
1248294596.273 	  45 	  3.116 	  0.251 
1248294596.506 	  45 	  3.116 	  0.251 
1248294596.738 	  45 	  3.115 	  0.250 
1248294596.980 	  45 	  3.117 	  0.251 
1248294597.213 	  45 	  3.118 	  0.251 
1248294597.446 	  45 	  3.117 	  0.251 
1248294597.678 	  45 	  3.116 	  0.251 
1248294597.910 	  45 	  3.117 	  0.251 
1248294598.143 	  45 	  3.117 	  0.251 
1248294598.376 	  45 	  3.117 	  0.251 
1248294598.608 	  45 	  3.117 	  0.251 
1248294598.841 	  45 	  3.116 	  0.251 
1248294599.073 	  45 	  3.116 	  0.251 
1248294599.309 	  45 	  3.115 	  0.250 
1248294599.541 	  45 	  3.116 	  0.251 
1248294599.776 	  45 	  3.117 	  0.251 
1248294600.010 	  45 	  3.116 	  0.250 
1248294600.245 	  45 	  3.117 	  0.251 
1248294600.484 	   9 	  1.658 	 -0.244 
1248294600.484 	  45 	  3.116 	  0.251 
1248294600.720 	   9 	  1.654 	 -0.224 
1248294600.720 	  45 	  3.117 	  0.251 
1248294600.968 	  45 	  3.118 	  0.251 
1248294601.281 	   9 	  1.673 	 -0.214 
1248294601.282 	  45 	  3.117 	  0.251 
1248294601.659 	   9 	  1.663 	 -0.219 
1248294601.659 	  45 	  3.117 	  0.251 
1248294602.183 	  45 	  3.116 	  0.251 
1248294602.489 	  45 	  3.117 	  0.251 
1248294602.718 	  45 	  3.117 	  0.251 
1248294602.948 	  45 	  3.115 	  0.250 
1248294603.178 	  45 	  3.116 	  0.250 
1248294603.407 	  45 	  3.116 	  0.251 
1248294603.648 	  45 	  3.116 	  0.251 
1248294603.884 	  45 	  3.116 	  0.251 
1248294604.154 	  45 	  3.121 	  0.252 
1248294604.625 	  45 	  3.121 	  0.253 
1248294605.093 	  45 	  3.070 	  0.254 
1248294605.328 	  45 	  3.068 	  0.253 
1248294605.563 	  45 	  3.029 	  0.253 
1248294605.805 	  45 	  3.016 	  0.255 
1248294606.040 	  45 	  3.005 	  0.256 
1248294606.275 	  45 	  3.006 	  0.258 
1248294606.510 	  45 	  2.977 	  0.261 
1248294606.746 	  45 	  2.944 	  0.253 
1248294606.980 	  45 	  2.937 	  0.267 
1248294607.215 	  45 	  2.929 	  0.263 
1248294607.451 	  45 	  2.899 	  0.268 
1248294607.920 	  45 	  2.891 	  0.271 
1248294608.155 	  45 	  2.889 	  0.272 
1248294608.390 	  45 	  2.863 	  0.272 
1248294608.626 	  45 	  2.834 	  0.272 
1248294608.861 	  45 	  2.831 	  0.273 
1248294609.096 	  45 	  2.787 	  0.279 
1248294609.331 	  45 	  2.794 	  0.280 
1248294609.566 	  45 	  2.762 	  0.281 
1248294610.034 	  45 	  2.733 	  0.288 
1248294610.270 	  45 	  2.718 	  0.290 
1248294610.504 	  45 	  2.701 	  0.289 
1248294610.739 	  45 	  2.677 	  0.292 
1248294610.972 	  45 	  2.663 	  0.293 
1248294611.203 	  45 	  2.689 	  0.234 
1248294611.436 	  45 	  2.709 	  0.164 
1248294611.893 	  45 	  2.714 	 -0.027 
1248294612.122 	  45 	  2.682 	 -0.100 
1248294612.460 	  45 	  2.675 	 -0.150 
1248294627.033 	  90 	  2.050 	  0.530 
1248294627.495 	  90 	  2.013 	  0.534 
1248294627.949 	  90 	  2.032 	  0.487 
1248294628.405 	  90 	  2.035 	  0.458 
1248294628.635 	  90 	  2.029 	  0.461 
1248294628.864 	  90 	  2.010 	  0.468 
1248294629.552 	  90 	  2.026 	  0.387 
1248294629.782 	  90 	  2.017 	  0.387 
1248294630.011 	  90 	  1.998 	  0.390 
1248294630.697 	  90 	  2.011 	  0.300 
1248294631.155 	  90 	  1.982 	  0.302 
1248294631.612 	  90 	  1.960 	  0.277 
1248294632.073 	  90 	  1.976 	  0.232 
1248294632.305 	  90 	  1.944 	  0.230 
1248294632.534 	  90 	  1.943 	  0.240 
1248294632.762 	  90 	  1.937 	  0.197 
1248294633.222 	  90 	  1.907 	  0.139 
1248294633.453 	  90 	  1.908 	  0.140 
1248294633.681 	  90 	  1.892 	  0.141 
1248294634.189 	  90 	  1.872 	  0.060 
1248294634.421 	  90 	  1.849 	  0.060 
1248294634.653 	  90 	  1.843 	  0.059 
1248294634.882 	  90 	  1.816 	  0.061 
1248294635.112 	  90 	  1.814 	  0.005 
1248294635.575 	  90 	  1.788 	 -0.023 
1248294635.821 	  90 	  1.771 	 -0.032 
1248294636.051 	  90 	  1.744 	 -0.024 
1248294636.517 	  90 	  1.707 	 -0.127 
1248294636.751 	  90 	  1.689 	 -0.129 
1248294636.985 	  90 	  1.670 	 -0.127 
1248294637.453 	  90 	  1.625 	 -0.173 
1248294637.688 	  90 	  1.616 	 -0.210 
1248294638.156 	  90 	  1.598 	 -0.210 
1248294638.389 	  90 	  1.562 	 -0.231 
1248294638.859 	  90 	  1.531 	 -0.300 
1248294639.571 	  90 	  1.484 	 -0.314 
