# UTIAS Multi-Robot Cooperative Localization and Mapping Dataset
# produced by Keith Leung (keith.leung@robotics.utias.utoronto.ca) 2009
# Measurement Data Fomat:
# Time [s]    Subject #    range [m]    bearing [rad] 
1248444189.599 	  14 	  3.787 	 -0.257 
1248444189.599 	  90 	  6.758 	 -0.005 
1248444189.828 	  61 	  6.600 	 -0.022 
1248444189.828 	  90 	  6.626 	  0.002 
1248444190.059 	  61 	  6.561 	 -0.019 
1248444190.289 	  14 	  3.787 	 -0.231 
1248444190.519 	  14 	  3.777 	 -0.228 
1248444190.519 	  61 	  6.448 	 -0.011 
1248444190.519 	  90 	  6.600 	  0.019 
1248444190.981 	  14 	  3.787 	 -0.222 
1248444190.982 	  90 	  6.652 	  0.017 
1248444191.131 	  14 	  3.787 	 -0.222 
1248444191.131 	  90 	  6.652 	  0.017 
1248444191.315 	  14 	  3.787 	 -0.222 
1248444191.315 	  90 	  6.652 	  0.017 
1248444191.601 	  14 	  3.838 	 -0.212 
1248444191.601 	  61 	  6.498 	 -0.011 
1248444191.601 	  90 	  6.600 	  0.015 
1248444191.832 	  14 	  3.838 	 -0.214 
1248444191.833 	  41 	  6.304 	 -0.157 
1248444191.833 	  61 	  6.491 	 -0.009 
1248444191.833 	  90 	  6.600 	  0.015 
1248444191.833 	  72 	  8.632 	  0.035 
1248444192.065 	  14 	  3.838 	 -0.210 
1248444192.065 	  41 	  6.304 	 -0.157 
1248444192.065 	  61 	  6.554 	 -0.009 
1248444192.065 	  90 	  6.600 	  0.020 
1248444192.297 	  14 	  3.838 	 -0.211 
1248444192.297 	  61 	  6.538 	 -0.009 
1248444192.298 	  90 	  6.600 	  0.015 
1248444192.298 	  72 	  8.632 	  0.039 
1248444192.529 	  14 	  3.890 	 -0.210 
1248444192.529 	  41 	  6.304 	 -0.158 
1248444192.529 	  61 	  6.448 	 -0.009 
1248444192.529 	  90 	  6.600 	  0.015 
1248444192.529 	  72 	  8.632 	  0.035 
1248444192.762 	  14 	  3.890 	 -0.210 
1248444192.762 	  41 	  6.304 	 -0.156 
1248444192.762 	  61 	  6.448 	 -0.011 
1248444192.762 	  90 	  6.600 	  0.015 
1248444192.993 	  14 	  3.872 	 -0.208 
1248444192.993 	  61 	  6.448 	 -0.010 
1248444192.994 	  90 	  6.600 	  0.015 
1248444193.273 	  61 	  6.473 	 -0.011 
1248444193.273 	  72 	  8.632 	  0.035 
1248444193.501 	  90 	  6.600 	  0.015 
1248444193.501 	  72 	  8.632 	  0.035 
1248444193.733 	  14 	  3.932 	 -0.209 
1248444193.734 	  61 	  6.481 	 -0.009 
1248444193.734 	  90 	  6.600 	  0.015 
1248444193.734 	  72 	  8.632 	  0.035 
1248444193.986 	  14 	  3.922 	 -0.210 
1248444193.986 	  61 	  6.448 	 -0.009 
1248444193.986 	  90 	  6.600 	  0.015 
1248444193.986 	  72 	  8.632 	  0.033 
1248444194.219 	  14 	  3.943 	 -0.206 
1248444194.219 	  90 	  6.626 	  0.020 
1248444194.474 	  90 	  6.758 	  0.022 
1248444195.521 	  41 	  6.034 	 -0.155 
1248444196.212 	  90 	  6.448 	  0.027 
1248444196.677 	  61 	  6.304 	  0.001 
1248444196.677 	  90 	  6.470 	  0.028 
1248444197.141 	  90 	  6.600 	  0.035 
1248444197.373 	  90 	  6.448 	  0.027 
1248444197.605 	  61 	  6.304 	 -0.005 
1248444197.605 	  90 	  6.304 	  0.025 
1248444198.763 	  90 	  6.304 	 -0.006 
1248444198.994 	  41 	  5.671 	 -0.178 
1248444198.994 	  61 	  6.166 	 -0.035 
1248444199.223 	  90 	  6.304 	 -0.008 
1248444199.223 	  72 	  8.130 	  0.013 
1248444199.448 	  90 	  6.304 	 -0.009 
1248444199.449 	  72 	  8.130 	  0.011 
1248444199.674 	  61 	  6.166 	 -0.031 
1248444199.674 	  72 	  8.130 	  0.010 
1248444200.398 	  72 	  8.130 	  0.014 
1248444201.326 	  14 	  3.643 	 -0.351 
1248444201.559 	  90 	  6.166 	 -0.054 
1248444201.792 	  90 	  6.166 	 -0.052 
1248444202.021 	  61 	  6.034 	 -0.081 
1248444202.477 	  90 	  6.034 	 -0.052 
1248444202.937 	  90 	  6.034 	 -0.052 
1248444203.244 	  90 	  6.034 	 -0.052 
1248444204.635 	  90 	  6.034 	 -0.047 
1248444205.331 	  41 	  5.154 	 -0.210 
1248444205.331 	  25 	  7.479 	 -0.003 
1248444206.026 	  90 	  5.908 	 -0.053 
1248444207.188 	  61 	  5.671 	 -0.082 
1248444207.188 	  90 	  5.787 	 -0.058 
1248444207.422 	  90 	  5.787 	 -0.055 
1248444207.656 	  36 	  6.925 	 -0.275 
1248444207.656 	  25 	  7.479 	 -0.008 
1248444208.121 	  90 	  5.787 	 -0.055 
1248444208.586 	  61 	  5.671 	 -0.088 
1248444208.586 	  25 	  7.479 	 -0.007 
1248444209.280 	  61 	  5.559 	 -0.088 
1248444209.731 	  41 	  4.805 	 -0.208 
1248444209.731 	  25 	  7.284 	 -0.011 
1248444209.956 	  90 	  5.671 	 -0.061 
1248444210.425 	  41 	  4.726 	 -0.202 
1248444210.425 	  61 	  5.559 	 -0.086 
1248444210.891 	  61 	  5.496 	 -0.086 
1248444210.891 	  25 	  7.284 	 -0.009 
1248444211.125 	  61 	  5.452 	 -0.081 
1248444211.125 	  90 	  5.559 	 -0.059 
1248444211.591 	  61 	  5.452 	 -0.087 
1248444212.060 	  41 	  4.649 	 -0.205 
1248444212.524 	  61 	  5.349 	 -0.087 
1248444212.524 	  25 	  7.100 	 -0.009 
1248444213.342 	  61 	  5.289 	 -0.087 
1248444213.342 	  90 	  5.452 	 -0.057 
1248444213.574 	  90 	  5.452 	 -0.059 
1248444213.574 	  25 	  7.100 	 -0.009 
1248444213.806 	  90 	  5.452 	 -0.062 
1248444214.505 	  90 	  5.349 	 -0.052 
1248444214.973 	  90 	  5.349 	 -0.052 
1248444215.208 	  61 	  5.250 	 -0.079 
1248444215.441 	  61 	  5.178 	 -0.085 
1248444215.908 	  61 	  5.154 	 -0.093 
1248444215.908 	  90 	  5.250 	 -0.054 
1248444216.377 	  61 	  5.154 	 -0.088 
1248444216.612 	  72 	  6.925 	 -0.029 
1248444217.077 	  61 	  5.062 	 -0.097 
1248444217.077 	  25 	  6.925 	 -0.005 
1248444217.311 	  90 	  5.250 	 -0.055 
1248444217.780 	  90 	  5.173 	 -0.058 
1248444217.780 	  25 	  6.758 	 -0.000 
1248444218.014 	  90 	  5.108 	 -0.059 
1248444218.247 	  90 	  5.141 	 -0.062 
1248444218.947 	  90 	  5.062 	 -0.054 
1248444219.880 	  61 	  4.888 	 -0.096 
1248444220.333 	  61 	  4.888 	 -0.096 
1248444220.333 	  90 	  4.974 	 -0.062 
1248444220.567 	  61 	  4.888 	 -0.099 
1248444220.567 	  72 	  6.758 	 -0.031 
1248444221.033 	  41 	  3.649 	 -0.191 
1248444221.033 	  25 	  6.600 	 -0.007 
1248444221.963 	  61 	  4.805 	 -0.094 
1248444221.963 	  25 	  6.600 	 -0.009 
1248444222.429 	  90 	  4.888 	 -0.071 
1248444223.190 	  41 	  3.387 	 -0.212 
1248444223.190 	  61 	  4.726 	 -0.107 
1248444223.190 	  90 	  4.805 	 -0.074 
1248444223.190 	  72 	  6.600 	 -0.042 
1248444223.190 	  25 	  6.448 	 -0.011 
1248444223.439 	  61 	  4.726 	 -0.109 
1248444223.674 	  61 	  4.657 	 -0.104 
1248444223.674 	  90 	  4.773 	 -0.072 
1248444224.871 	  41 	  3.131 	 -0.220 
1248444224.871 	  61 	  4.633 	 -0.109 
1248444224.872 	  90 	  4.649 	 -0.069 
1248444225.820 	  61 	  4.502 	 -0.104 
1248444225.820 	  25 	  6.304 	 -0.019 
1248444226.990 	  61 	  4.432 	 -0.102 
1248444226.990 	  25 	  6.193 	 -0.014 
1248444227.456 	  61 	  4.398 	 -0.110 
1248444227.456 	  72 	  6.304 	 -0.033 
1248444228.187 	  61 	  4.364 	 -0.116 
1248444228.187 	  90 	  4.432 	 -0.072 
1248444228.420 	  61 	  4.342 	 -0.112 
1248444228.420 	  25 	  6.166 	 -0.008 
1248444229.351 	  61 	  4.266 	 -0.114 
1248444229.351 	  25 	  6.034 	 -0.017 
1248444229.585 	  41 	  2.507 	 -0.273 
1248444229.585 	  90 	  4.358 	 -0.079 
1248444229.856 	  25 	  6.034 	 -0.013 
1248444230.138 	  25 	  6.034 	 -0.011 
1248444230.838 	  16 	  5.452 	 -0.386 
1248444230.838 	  25 	  6.034 	 -0.011 
1248444231.072 	  25 	  6.034 	 -0.013 
1248444231.307 	  90 	  4.298 	 -0.080 
1248444231.307 	  72 	  6.034 	 -0.041 
1248444231.543 	  90 	  4.235 	 -0.076 
1248444231.543 	  25 	  5.908 	 -0.016 
1248444232.013 	  61 	  4.173 	 -0.127 
1248444232.013 	  25 	  5.908 	 -0.013 
1248444232.481 	  72 	  6.034 	 -0.048 
1248444233.280 	  90 	  4.143 	 -0.081 
1248444233.280 	  25 	  5.908 	 -0.011 
1248444233.985 	  72 	  5.908 	 -0.047 
1248444234.221 	  90 	  4.055 	 -0.073 
1248444234.221 	  25 	  5.787 	 -0.012 
1248444234.928 	  90 	  4.055 	 -0.079 
1248444234.928 	  72 	  5.816 	 -0.046 
1248444235.395 	  25 	  5.671 	 -0.017 
1248444235.869 	  90 	  3.943 	 -0.082 
1248444235.869 	  25 	  5.671 	 -0.011 
1248444236.572 	  61 	  3.806 	 -0.130 
1248444236.572 	  25 	  5.661 	 -0.015 
1248444237.262 	  72 	  5.671 	 -0.046 
1248444237.262 	  25 	  5.590 	 -0.014 
1248444237.497 	  72 	  5.671 	 -0.047 
1248444237.732 	  61 	  3.738 	 -0.135 
1248444237.732 	  25 	  5.559 	 -0.014 
1248444238.201 	  61 	  3.690 	 -0.131 
1248444238.202 	  25 	  5.549 	 -0.014 
1248444238.436 	  25 	  5.559 	 -0.020 
1248444239.372 	  25 	  5.452 	 -0.008 
1248444239.841 	  72 	  5.452 	 -0.047 
1248444239.841 	  25 	  5.452 	 -0.015 
1248444240.543 	  72 	  5.452 	 -0.049 
1248444240.543 	  25 	  5.452 	 -0.023 
1248444267.280 	  72 	  3.598 	 -0.350 
1248444276.592 	  72 	  3.002 	 -0.342 
1248444276.824 	  72 	  2.971 	 -0.350 
1248444277.056 	  25 	  2.912 	 -0.317 
1248444277.289 	  72 	  2.941 	 -0.362 
1248444300.995 	  72 	  1.751 	 -0.554 
1248444301.698 	  72 	  1.735 	 -0.557 
1248444301.698 	  25 	  1.648 	 -0.507 
1248444303.809 	  72 	  1.689 	 -0.502 
1248444304.543 	  25 	  1.582 	 -0.414 
1248444305.473 	  72 	  1.744 	 -0.345 
1248444305.703 	  25 	  1.605 	 -0.268 
1248444307.539 	  72 	  1.649 	 -0.366 
1248444308.686 	  72 	  1.571 	 -0.383 
1248444310.050 	  25 	  1.410 	 -0.254 
1248444310.963 	  25 	  1.397 	 -0.271 
1248444311.885 	  25 	  1.390 	 -0.115 
1248444312.801 	  25 	  1.326 	 -0.127 
1248444365.442 	   9 	  2.288 	 -0.557 
1248444365.679 	   9 	  2.268 	 -0.560 
1248444366.868 	  16 	  2.095 	 -0.518 
1248444366.868 	   9 	  2.299 	 -0.491 
1248444367.100 	  36 	  1.915 	 -0.552 
1248444367.100 	  16 	  2.094 	 -0.507 
1248444367.336 	  36 	  1.993 	 -0.489 
1248444367.802 	  16 	  2.199 	 -0.353 
1248444367.802 	   9 	  2.406 	 -0.325 
1248444368.039 	  16 	  2.187 	 -0.350 
1248444368.039 	   9 	  2.389 	 -0.321 
1248444368.276 	  16 	  2.183 	 -0.350 
1248444368.276 	   9 	  2.380 	 -0.323 
1248444368.516 	  16 	  2.174 	 -0.350 
1248444368.516 	   9 	  2.372 	 -0.323 
1248444368.993 	  16 	  2.144 	 -0.354 
1248444368.994 	   9 	  2.338 	 -0.327 
1248444369.230 	  36 	  1.993 	 -0.387 
1248444369.463 	  16 	  2.117 	 -0.362 
1248444369.463 	   9 	  2.317 	 -0.333 
1248444369.693 	  16 	  2.102 	 -0.364 
1248444369.693 	   9 	  2.303 	 -0.335 
1248444369.927 	  36 	  1.917 	 -0.436 
1248444370.158 	  16 	  2.071 	 -0.371 
1248444370.158 	   9 	  2.271 	 -0.341 
1248444370.390 	   9 	  2.255 	 -0.345 
1248444370.628 	  16 	  2.034 	 -0.382 
1248444370.628 	   9 	  2.233 	 -0.349 
1248444370.858 	  16 	  2.058 	 -0.320 
1248444371.092 	  16 	  2.055 	 -0.303 
1248444371.092 	   9 	  2.250 	 -0.271 
1248444371.329 	  16 	  2.053 	 -0.300 
1248444371.329 	   9 	  2.250 	 -0.267 
1248444371.566 	  16 	  2.036 	 -0.299 
1248444371.566 	   9 	  2.228 	 -0.266 
1248444371.803 	  16 	  2.011 	 -0.302 
1248444371.803 	   9 	  2.209 	 -0.268 
1248444372.039 	  16 	  1.997 	 -0.307 
1248444372.039 	   9 	  2.190 	 -0.273 
1248444372.275 	  16 	  2.006 	 -0.271 
1248444372.511 	   9 	  2.215 	 -0.183 
1248444372.751 	   9 	  2.207 	 -0.184 
1248444372.987 	  16 	  1.990 	 -0.216 
1248444372.987 	   9 	  2.179 	 -0.182 
1248444373.543 	  16 	  1.949 	 -0.228 
1248444373.543 	   9 	  2.139 	 -0.192 
1248444373.774 	  16 	  1.935 	 -0.222 
1248444374.008 	  16 	  1.956 	 -0.132 
1248444374.008 	   9 	  2.143 	 -0.104 
1248444374.247 	  16 	  1.937 	 -0.141 
1248444374.247 	   9 	  2.125 	 -0.104 
1248444374.710 	  16 	  1.901 	 -0.145 
1248444374.710 	   9 	  2.091 	 -0.107 
1248444374.977 	  36 	  1.728 	 -0.203 
1248444374.977 	  16 	  1.889 	 -0.145 
1248444374.978 	   9 	  2.078 	 -0.107 
1248444375.248 	  16 	  1.872 	 -0.144 
1248444375.248 	   9 	  2.059 	 -0.106 
1248444375.481 	  36 	  1.733 	 -0.156 
1248444375.717 	   9 	  2.054 	 -0.033 
1248444375.948 	  16 	  1.841 	 -0.065 
1248444375.948 	   9 	  2.024 	 -0.025 
1248444376.420 	  16 	  1.824 	 -0.052 
1248444376.656 	  16 	  1.821 	 -0.061 
1248444376.656 	   9 	  2.003 	 -0.021 
1248444376.891 	  16 	  1.805 	 -0.030 
1248444376.891 	   9 	  1.989 	  0.011 
1248444377.364 	  36 	  1.633 	 -0.044 
1248444377.364 	   9 	  1.955 	  0.056 
1248444377.602 	  16 	  1.767 	  0.018 
1248444377.602 	   9 	  1.943 	  0.058 
1248444377.837 	  16 	  1.755 	  0.020 
1248444377.837 	   9 	  1.933 	  0.061 
1248444378.071 	   9 	  1.906 	  0.059 
1248444378.306 	  36 	  1.584 	  0.020 
1248444378.306 	  16 	  1.726 	  0.084 
1248444378.541 	  36 	  1.586 	  0.018 
1248444378.779 	  16 	  1.678 	  0.105 
1248444378.779 	   9 	  1.844 	  0.148 
1248444379.012 	   9 	  1.847 	  0.154 
1248444379.246 	  16 	  1.647 	  0.120 
1248444379.246 	   9 	  1.816 	  0.153 
1248444379.470 	  16 	  1.626 	  0.147 
1248444379.941 	  16 	  1.588 	  0.204 
1248444379.941 	   9 	  1.746 	  0.246 
1248444380.632 	  36 	  1.448 	  0.117 
1248444380.861 	   9 	  1.684 	  0.252 
1248444381.092 	  36 	  1.398 	  0.123 
1248444381.092 	  16 	  1.522 	  0.198 
1248444381.329 	   9 	  1.656 	  0.260 
1248444381.794 	  16 	  1.461 	  0.273 
1248444382.026 	  16 	  1.428 	  0.342 
1248444382.261 	  14 	  3.690 	 -0.443 
1248444382.731 	  23 	  6.034 	 -0.247 
1248444382.731 	   9 	  1.502 	  0.421 
1248444382.969 	  36 	  1.244 	  0.303 
1248444382.969 	   9 	  1.482 	  0.427 
1248444383.299 	  36 	  1.232 	  0.318 
1248444383.534 	   9 	  1.443 	  0.439 
1248444383.997 	  14 	  3.787 	 -0.358 
1248444383.997 	  36 	  1.154 	  0.383 
1248444384.232 	  36 	  1.131 	  0.396 
1248444384.232 	  16 	  1.226 	  0.468 
1248444384.468 	  32 	  4.805 	 -0.484 
1248444384.468 	  54 	  7.237 	 -0.213 
1248444384.705 	  23 	  6.034 	 -0.164 
1248444385.410 	  32 	  5.062 	 -0.384 
1248444385.410 	  54 	  7.178 	 -0.119 
1248444385.644 	  32 	  5.062 	 -0.384 
1248444385.644 	  54 	  7.100 	 -0.120 
1248444386.351 	  14 	  3.890 	 -0.237 
1248444386.817 	  32 	  5.154 	 -0.346 
1248444386.818 	  23 	  5.908 	 -0.029 
1248444387.053 	  23 	  5.908 	 -0.018 
1248444387.289 	  32 	  5.154 	 -0.318 
1248444387.289 	  23 	  5.908 	 -0.009 
1248444388.441 	  61 	  2.065 	 -0.276 
1248444389.370 	  14 	  3.890 	  0.158 
1248444389.603 	  14 	  3.916 	  0.158 
1248444390.072 	  61 	  1.995 	 -0.171 
1248444390.072 	  32 	  5.505 	  0.052 
1248444390.307 	  61 	  1.991 	 -0.175 
1248444390.307 	  14 	  3.934 	  0.151 
1248444390.541 	  32 	  5.400 	  0.053 
1248444390.541 	  23 	  5.250 	  0.314 
1248444391.009 	  61 	  1.929 	 -0.175 
1248444391.009 	  23 	  5.154 	  0.316 
1248444391.477 	  32 	  5.452 	  0.063 
1248444391.711 	  61 	  1.887 	 -0.169 
1248444391.711 	  23 	  5.062 	  0.314 
1248444391.945 	  61 	  1.860 	 -0.185 
1248444391.945 	  23 	  5.062 	  0.313 
1248444392.413 	  61 	  1.825 	 -0.190 
1248444392.413 	  14 	  3.899 	  0.137 
1248444392.646 	  61 	  1.827 	 -0.214 
1248444392.646 	  23 	  4.974 	  0.313 
1248444392.879 	  90 	  1.703 	 -0.293 
1248444392.879 	  32 	  5.400 	  0.061 
1248444393.679 	  61 	  1.734 	 -0.206 
1248444393.679 	  14 	  3.890 	  0.117 
1248444393.913 	  90 	  1.643 	 -0.312 
1248444393.913 	  23 	  4.805 	  0.308 
1248444394.147 	  14 	  3.851 	  0.123 
1248444394.147 	  23 	  4.805 	  0.312 
1248444394.382 	  32 	  5.349 	  0.065 
1248444394.382 	  23 	  4.805 	  0.309 
1248444395.083 	  23 	  4.805 	  0.234 
1248444395.319 	  23 	  4.805 	  0.227 
1248444395.555 	  14 	  3.838 	  0.022 
1248444395.555 	  23 	  4.726 	  0.225 
1248444395.791 	  23 	  4.706 	  0.223 
1248444396.025 	  18 	  6.448 	  0.184 
1248444396.025 	  23 	  4.649 	  0.226 
1248444396.258 	  61 	  1.518 	 -0.343 
1248444397.198 	  23 	  4.713 	  0.066 
1248444397.903 	  14 	  3.779 	 -0.177 
1248444397.903 	  23 	  4.649 	  0.058 
1248444398.136 	  14 	  3.787 	 -0.174 
1248444398.136 	  23 	  4.649 	  0.061 
1248444398.372 	  32 	  5.062 	 -0.171 
1248444398.372 	  23 	  4.574 	  0.061 
1248444398.604 	  61 	  1.266 	 -0.559 
1248444399.072 	  18 	  6.340 	 -0.035 
1248444399.072 	  23 	  4.432 	  0.007 
1248444399.306 	  14 	  3.690 	 -0.254 
1248444399.306 	  23 	  4.459 	  0.004 
1248444399.776 	  23 	  4.364 	 -0.077 
1248444400.012 	  14 	  3.598 	 -0.353 
1248444400.482 	  23 	  4.277 	 -0.091 
1248444400.953 	  23 	  4.235 	 -0.134 
1248444401.428 	  23 	  4.173 	 -0.155 
1248444401.663 	  23 	  4.133 	 -0.160 
1248444402.358 	  32 	  4.785 	 -0.379 
1248444402.358 	  23 	  4.007 	 -0.156 
1248444402.816 	  32 	  4.805 	 -0.387 
1248444402.816 	  23 	  3.952 	 -0.166 
1248444403.151 	  23 	  3.890 	 -0.174 
1248444403.637 	  23 	  3.838 	 -0.170 
1248444404.342 	  23 	  3.762 	 -0.158 
1248444404.577 	  18 	  5.908 	 -0.227 
1248444404.577 	  23 	  3.698 	 -0.170 
1248444404.841 	  23 	  3.684 	 -0.174 
1248444405.546 	  32 	  4.649 	 -0.394 
1248444405.546 	  23 	  3.568 	 -0.181 
1248444405.778 	  32 	  4.726 	 -0.391 
1248444405.778 	  23 	  3.546 	 -0.181 
1248444406.701 	  32 	  4.630 	 -0.399 
1248444406.701 	  23 	  3.407 	 -0.194 
1248444407.405 	  23 	  3.348 	 -0.193 
1248444407.641 	  23 	  3.300 	 -0.198 
1248444407.876 	  23 	  3.236 	 -0.204 
1248444408.108 	  23 	  3.236 	 -0.204 
1248444408.336 	  23 	  3.180 	 -0.211 
1248444408.805 	  23 	  3.131 	 -0.214 
1248444409.499 	  23 	  3.030 	 -0.234 
1248444409.993 	  23 	  2.971 	 -0.233 
1248444409.993 	  54 	  5.452 	 -0.217 
1248444410.478 	  23 	  2.897 	 -0.236 
1248444410.478 	  54 	  5.452 	 -0.220 
1248444411.215 	  23 	  2.808 	 -0.248 
1248444411.673 	  23 	  2.798 	 -0.252 
1248444411.903 	  23 	  2.795 	 -0.256 
1248444412.134 	  54 	  5.383 	 -0.210 
1248444412.364 	  54 	  5.387 	 -0.215 
1248444412.595 	  54 	  5.383 	 -0.216 
1248444412.827 	  23 	  2.769 	 -0.272 
1248444413.133 	  27 	  5.559 	 -0.239 
1248444413.133 	  54 	  5.349 	 -0.217 
1248444413.599 	  23 	  2.695 	 -0.296 
1248444413.826 	  54 	  5.349 	 -0.228 
1248444414.055 	  23 	  2.658 	 -0.310 
1248444414.754 	  54 	  5.269 	 -0.227 
1248444415.684 	  18 	  5.250 	 -0.280 
1248444415.684 	  54 	  5.250 	 -0.224 
1248444415.918 	  27 	  5.349 	 -0.253 
1248444415.919 	  54 	  5.181 	 -0.229 
1248444416.149 	  54 	  5.154 	 -0.228 
1248444416.620 	  23 	  2.612 	 -0.371 
1248444416.620 	  54 	  5.250 	 -0.239 
1248444416.855 	  54 	  5.170 	 -0.234 
1248444417.088 	  27 	  5.349 	 -0.274 
1248444417.088 	  54 	  5.147 	 -0.249 
1248444417.317 	  54 	  5.136 	 -0.251 
1248444417.547 	  23 	  2.568 	 -0.413 
1248444417.547 	  54 	  5.128 	 -0.252 
1248444418.009 	  54 	  5.093 	 -0.237 
1248444418.238 	  27 	  5.250 	 -0.260 
1248444418.238 	  54 	  5.062 	 -0.236 
1248444418.467 	  18 	  5.062 	 -0.293 
1248444418.467 	  54 	  5.046 	 -0.246 
1248444418.700 	  54 	  5.003 	 -0.250 
1248444418.933 	  54 	  4.974 	 -0.259 
1248444419.168 	  54 	  4.974 	 -0.269 
1248444419.634 	  27 	  5.154 	 -0.296 
1248444419.634 	  54 	  4.931 	 -0.275 
1248444420.096 	  54 	  4.888 	 -0.271 
1248444420.557 	  23 	  2.411 	 -0.528 
1248444420.791 	  54 	  4.805 	 -0.305 
1248444421.021 	  54 	  4.799 	 -0.306 
1248444421.254 	  54 	  4.776 	 -0.306 
1248444421.486 	  54 	  4.794 	 -0.293 
1248444421.716 	  54 	  4.726 	 -0.294 
1248444421.949 	  54 	  4.726 	 -0.302 
1248444422.179 	  54 	  4.702 	 -0.310 
1248444422.872 	  54 	  4.664 	 -0.314 
1248444423.659 	  54 	  4.636 	 -0.326 
1248444423.894 	  54 	  4.649 	 -0.322 
1248444424.130 	  27 	  4.805 	 -0.352 
1248444424.130 	  54 	  4.574 	 -0.327 
1248444424.365 	  54 	  4.550 	 -0.330 
1248444426.705 	  54 	  4.342 	 -0.367 
1248444426.940 	  54 	  4.298 	 -0.374 
1248444428.116 	  54 	  4.173 	 -0.392 
1248444430.942 	  54 	  3.943 	 -0.437 
1248444432.358 	  32 	  2.673 	 -0.500 
1248444433.382 	  32 	  2.513 	 -0.553 
1248444433.620 	  32 	  2.500 	 -0.551 
1248444433.857 	  32 	  2.471 	 -0.563 
1248444434.094 	  32 	  2.411 	 -0.574 
1248444435.321 	  27 	  3.690 	 -0.561 
1248444443.686 	  32 	  1.630 	 -0.548 
1248444444.381 	  18 	  3.598 	 -0.223 
1248444444.381 	  54 	  3.482 	 -0.145 
1248444445.081 	  54 	  3.468 	 -0.141 
1248444445.315 	  18 	  3.529 	 -0.247 
1248444445.547 	  18 	  3.532 	 -0.251 
1248444446.705 	  18 	  3.475 	 -0.231 
1248444446.937 	  18 	  3.420 	 -0.255 
1248444447.398 	  18 	  3.427 	 -0.219 
1248444447.630 	  18 	  3.387 	 -0.245 
1248444447.861 	  18 	  3.391 	 -0.205 
1248444448.556 	  18 	  3.357 	 -0.238 
1248444449.017 	  18 	  3.361 	 -0.190 
1248444449.249 	  14 	  3.643 	 -0.534 
1248444449.480 	  27 	  3.427 	 -0.189 
1248444450.404 	  18 	  3.228 	 -0.234 
1248444450.867 	  18 	  3.218 	 -0.234 
1248444450.867 	  54 	  3.131 	 -0.160 
1248444451.098 	  54 	  3.098 	 -0.129 
1248444451.329 	  54 	  3.098 	 -0.148 
1248444451.560 	  54 	  3.098 	 -0.176 
1248444451.791 	  54 	  3.081 	 -0.133 
1248444452.023 	  54 	  3.065 	 -0.158 
1248444452.254 	  54 	  3.002 	 -0.177 
1248444452.485 	  18 	  3.123 	 -0.210 
1248444452.947 	  54 	  2.971 	 -0.182 
1248444453.961 	  54 	  2.941 	 -0.159 
1248444454.189 	  18 	  2.996 	 -0.271 
1248444454.420 	  54 	  2.919 	 -0.137 
1248444454.884 	  54 	  2.861 	 -0.195 
1248444455.115 	  54 	  2.871 	 -0.117 
1248444455.578 	  54 	  2.855 	 -0.107 
1248444456.736 	   7 	  5.349 	 -0.362 
1248444456.736 	  54 	  2.793 	 -0.000 
1248444456.969 	  54 	  2.800 	 -0.014 
1248444457.201 	  81 	  5.250 	 -0.400 
1248444457.201 	  45 	  4.805 	  0.023 
1248444457.432 	  54 	  2.748 	 -0.013 
1248444457.666 	  45 	  4.805 	  0.019 
1248444457.897 	  54 	  2.748 	 -0.013 
1248444457.897 	  45 	  4.726 	  0.022 
1248444458.360 	  54 	  2.682 	 -0.009 
1248444458.360 	  45 	  4.726 	  0.018 
1248444458.592 	  45 	  4.726 	  0.018 
1248444458.820 	  18 	  2.802 	 -0.104 
1248444458.820 	  45 	  4.726 	  0.018 
1248444459.049 	  54 	  2.640 	 -0.007 
1248444459.049 	  45 	  4.726 	  0.021 
1248444459.509 	  18 	  2.725 	 -0.099 
1248444459.509 	  45 	  4.649 	  0.021 
1248444460.199 	  18 	  2.686 	 -0.098 
1248444460.200 	  54 	  2.557 	 -0.010 
1248444460.657 	  54 	  2.524 	 -0.012 
1248444461.572 	  14 	  3.620 	 -0.285 
1248444461.572 	  54 	  2.476 	 -0.009 
1248444462.249 	  14 	  3.568 	 -0.301 
1248444462.249 	  54 	  2.417 	 -0.024 
1248444462.479 	  18 	  2.530 	 -0.115 
1248444462.480 	  54 	  2.399 	 -0.013 
1248444462.709 	  14 	  3.587 	 -0.274 
1248444462.709 	  54 	  2.386 	 -0.007 
1248444463.267 	  54 	  2.352 	 -0.012 
1248444463.496 	  18 	  2.444 	 -0.129 
1248444463.496 	  54 	  2.318 	 -0.026 
1248444463.728 	  27 	  2.557 	 -0.058 
1248444463.728 	  45 	  4.364 	 -0.002 
1248444464.187 	  18 	  2.398 	 -0.130 
1248444464.187 	  54 	  2.275 	 -0.022 
1248444464.641 	  18 	  2.363 	 -0.142 
1248444464.641 	  54 	  2.237 	 -0.034 
1248444465.117 	  18 	  2.329 	 -0.152 
1248444465.117 	  54 	  2.201 	 -0.041 
1248444465.577 	  18 	  2.335 	 -0.159 
1248444465.805 	  18 	  2.318 	 -0.150 
1248444465.805 	  54 	  2.193 	 -0.042 
1248444466.034 	  18 	  2.283 	 -0.144 
1248444466.034 	  54 	  2.156 	 -0.032 
1248444466.493 	  18 	  2.248 	 -0.168 
1248444466.493 	  54 	  2.128 	 -0.056 
1248444466.952 	  18 	  2.227 	 -0.166 
1248444466.952 	  45 	  4.113 	 -0.018 
1248444467.183 	  27 	  2.347 	 -0.087 
1248444467.183 	  45 	  4.113 	 -0.024 
1248444467.641 	  54 	  2.046 	 -0.061 
1248444467.872 	  54 	  2.028 	 -0.068 
1248444468.101 	  54 	  2.008 	 -0.062 
1248444468.329 	  18 	  2.114 	 -0.178 
1248444468.329 	  45 	  3.998 	 -0.016 
1248444468.557 	  14 	  3.200 	 -0.260 
1248444468.787 	  18 	  2.081 	 -0.194 
1248444468.787 	  45 	  3.998 	 -0.028 
1248444469.247 	  27 	  2.200 	 -0.109 
1248444469.247 	  54 	  1.930 	 -0.074 
1248444469.708 	  14 	  3.098 	 -0.262 
1248444469.708 	  18 	  2.018 	 -0.213 
1248444469.708 	  27 	  2.157 	 -0.116 
1248444469.708 	  54 	  1.902 	 -0.092 
1248444470.407 	  14 	  3.023 	 -0.254 
1248444470.407 	  18 	  1.958 	 -0.222 
1248444470.407 	  27 	  2.112 	 -0.125 
1248444470.407 	  54 	  1.840 	 -0.091 
1248444470.407 	  45 	  3.838 	 -0.054 
1248444471.103 	  18 	  1.909 	 -0.234 
1248444471.103 	  54 	  1.787 	 -0.107 
1248444471.339 	  18 	  1.882 	 -0.244 
1248444471.340 	  27 	  2.047 	 -0.146 
1248444471.340 	  54 	  1.772 	 -0.110 
1248444471.578 	  18 	  1.864 	 -0.251 
1248444471.578 	  27 	  2.026 	 -0.151 
1248444471.578 	  54 	  1.757 	 -0.116 
1248444471.817 	  18 	  1.846 	 -0.252 
1248444471.817 	  27 	  2.002 	 -0.150 
1248444471.817 	  54 	  1.737 	 -0.112 
1248444471.817 	  45 	  3.738 	 -0.079 
1248444472.055 	  54 	  1.716 	 -0.108 
1248444472.312 	  54 	  1.703 	 -0.109 
1248444472.554 	  54 	  1.685 	 -0.114 
1248444473.291 	  45 	  3.690 	 -0.092 
1248444473.525 	  54 	  1.614 	 -0.140 
1248444473.757 	  45 	  3.643 	 -0.103 
1248444473.990 	  54 	  1.583 	 -0.150 
1248444474.222 	  14 	  2.722 	 -0.236 
1248444474.223 	  54 	  1.557 	 -0.153 
1248444475.146 	  45 	  3.554 	 -0.114 
1248444476.315 	  45 	  3.468 	 -0.125 
1248444476.548 	  54 	  1.391 	 -0.189 
1248444476.783 	  54 	  1.372 	 -0.192 
1248444476.783 	  45 	  3.387 	 -0.137 
1248444477.702 	  54 	  1.292 	 -0.222 
1248444478.406 	  54 	  1.242 	 -0.231 
1248444497.772 	  61 	  4.888 	 -0.019 
1248444498.683 	  25 	  6.448 	 -0.237 
1248444498.683 	  32 	  5.250 	  0.087 
1248444498.913 	  32 	  5.349 	  0.101 
1248444499.373 	  32 	  5.349 	  0.109 
1248444499.833 	  32 	  5.299 	  0.126 
1248444500.063 	  61 	  4.726 	 -0.111 
1248444500.296 	  90 	  4.888 	 -0.091 
1248444500.296 	  32 	  5.269 	  0.134 
1248444501.219 	  61 	  4.649 	 -0.113 
1248444501.448 	  90 	  4.805 	 -0.091 
1248444501.448 	  32 	  5.250 	  0.129 
1248444502.136 	  32 	  5.349 	  0.142 
1248444502.366 	  32 	  5.202 	  0.139 
1248444502.596 	  90 	  4.726 	 -0.083 
1248444502.596 	  32 	  5.154 	  0.132 
1248444502.826 	  32 	  5.202 	  0.142 
1248444503.645 	  25 	  6.166 	 -0.160 
1248444503.645 	  32 	  5.226 	  0.147 
1248444503.876 	  90 	  4.649 	 -0.059 
1248444504.108 	  32 	  5.250 	  0.157 
1248444504.339 	  32 	  5.250 	  0.153 
1248444504.569 	  61 	  4.432 	 -0.077 
1248444504.569 	  32 	  5.250 	  0.144 
1248444504.800 	  32 	  5.250 	  0.142 
1248444506.644 	  61 	  4.298 	 -0.047 
1248444506.644 	  32 	  5.154 	  0.169 
1248444507.106 	  61 	  4.262 	 -0.042 
1248444507.106 	  32 	  5.131 	  0.178 
1248444507.333 	  32 	  5.154 	  0.171 
1248444507.793 	  61 	  4.235 	 -0.037 
1248444507.793 	  32 	  5.062 	  0.182 
1248444508.023 	  90 	  4.364 	 -0.012 
1248444508.023 	  32 	  5.062 	  0.176 
1248444508.712 	  61 	  4.173 	 -0.018 
1248444508.712 	  32 	  5.062 	  0.185 
1248444509.856 	  25 	  5.908 	 -0.095 
1248444509.856 	  32 	  5.062 	  0.185 
1248444510.778 	  61 	  3.998 	 -0.008 
1248444510.778 	  32 	  5.062 	  0.184 
1248444512.850 	  72 	  5.671 	 -0.087 
1248444514.312 	  61 	  3.738 	  0.054 
1248444514.541 	  61 	  3.738 	  0.053 
1248444515.001 	  61 	  3.738 	  0.071 
1248444515.923 	  25 	  5.452 	 -0.016 
1248444515.923 	  32 	  4.805 	  0.223 
1248444516.383 	  25 	  5.452 	  0.004 
1248444516.613 	  25 	  5.452 	  0.006 
1248444516.842 	  61 	  3.554 	  0.103 
1248444517.750 	  25 	  5.349 	  0.004 
1248444517.750 	  32 	  4.649 	  0.235 
1248444517.979 	  25 	  5.349 	  0.009 
1248444517.979 	  32 	  4.649 	  0.238 
1248444518.435 	  61 	  3.427 	  0.124 
1248444518.435 	  32 	  4.598 	  0.254 
1248444520.041 	  25 	  5.154 	  0.075 
1248444520.041 	  61 	  3.309 	  0.171 
1248444520.499 	  72 	  5.154 	  0.045 
1248444520.962 	  61 	  3.200 	  0.191 
1248444521.196 	  61 	  3.200 	  0.198 
1248444523.353 	  25 	  4.888 	  0.161 
1248444523.584 	  72 	  4.888 	  0.116 
1248444523.584 	  61 	  3.002 	  0.260 
1248444524.501 	  72 	  4.814 	  0.125 
1248444524.501 	  25 	  4.805 	  0.165 
1248444525.446 	  72 	  4.805 	  0.152 
1248444526.137 	  25 	  4.649 	  0.220 
1248444528.649 	  61 	  2.673 	  0.264 
1248444528.872 	  61 	  2.676 	  0.230 
1248444529.101 	  61 	  2.673 	  0.207 
1248444529.791 	  61 	  2.649 	  0.156 
1248444530.501 	  72 	  4.432 	 -0.002 
1248444530.501 	  61 	  2.602 	  0.178 
1248444530.737 	  16 	  3.165 	 -0.477 
1248444530.737 	  72 	  4.480 	 -0.001 
1248444530.737 	  25 	  4.502 	  0.038 
1248444530.738 	  61 	  2.624 	  0.171 
1248444530.981 	  25 	  4.497 	  0.038 
1248444530.981 	  61 	  2.616 	  0.171 
1248444531.226 	  25 	  4.432 	  0.037 
1248444531.226 	  90 	  2.774 	  0.208 
1248444531.462 	  72 	  4.471 	 -0.001 
1248444531.462 	  90 	  2.774 	  0.210 
1248444533.404 	  61 	  2.501 	  0.188 
1248444534.331 	  36 	  3.165 	 -0.394 
1248444534.331 	  61 	  2.415 	  0.233 
1248444534.565 	  32 	  3.435 	  0.183 
1248444535.298 	  25 	  4.203 	  0.091 
1248444535.298 	  61 	  2.344 	  0.241 
1248444535.528 	  72 	  4.173 	  0.054 
1248444535.528 	  61 	  2.319 	  0.246 
1248444535.994 	  72 	  4.160 	  0.068 
1248444535.994 	  61 	  2.276 	  0.263 
1248444536.918 	  25 	  4.055 	  0.121 
1248444536.918 	  32 	  3.200 	  0.186 
1248444537.613 	  25 	  3.998 	  0.142 
1248444537.613 	  61 	  2.138 	  0.304 
1248444537.846 	  72 	  3.998 	  0.094 
1248444537.846 	  61 	  2.118 	  0.302 
1248444538.080 	  72 	  3.998 	  0.099 
1248444539.012 	  25 	  3.890 	  0.169 
1248444539.012 	  61 	  2.027 	  0.337 
1248444540.173 	  72 	  3.838 	  0.145 
1248444540.634 	  32 	  2.855 	  0.218 
1248444540.863 	  32 	  2.838 	  0.218 
1248444541.768 	  32 	  2.738 	  0.239 
1248444541.998 	  16 	  2.673 	 -0.382 
1248444541.998 	  32 	  2.722 	  0.244 
1248444542.231 	  36 	  2.745 	 -0.313 
1248444542.231 	  32 	  2.697 	  0.246 
1248444542.462 	  32 	  2.713 	  0.248 
1248444543.493 	  25 	  3.510 	  0.290 
1248444543.724 	  16 	  2.615 	 -0.352 
1248444543.724 	  25 	  3.468 	  0.293 
1248444544.178 	  36 	  2.654 	 -0.284 
1248444544.178 	  32 	  2.500 	  0.271 
1248444544.873 	  32 	  2.452 	  0.275 
1248444544.873 	  25 	  3.427 	  0.302 
1248444545.335 	  16 	  2.535 	 -0.339 
1248444545.335 	  36 	  2.602 	 -0.272 
1248444545.570 	  32 	  2.362 	  0.287 
1248444545.803 	  16 	  2.518 	 -0.331 
1248444545.803 	  32 	  2.355 	  0.288 
1248444546.266 	  32 	  2.296 	  0.296 
1248444546.728 	  32 	  2.234 	  0.306 
1248444547.653 	  36 	  2.475 	 -0.251 
1248444547.653 	  32 	  2.145 	  0.302 
1248444547.888 	  32 	  2.104 	  0.307 
1248444548.122 	  16 	  2.411 	 -0.295 
1248444548.122 	  32 	  2.084 	  0.314 
1248444549.048 	  16 	  2.369 	 -0.237 
1248444549.048 	  25 	  2.941 	  0.471 
1248444550.213 	  16 	  2.400 	 -0.014 
1248444550.213 	  36 	  2.413 	  0.061 
1248444550.686 	  16 	  2.382 	  0.040 
1248444550.686 	  36 	  2.381 	  0.116 
1248444551.156 	  16 	  2.362 	  0.038 
1248444551.156 	  36 	  2.369 	  0.114 
1248444551.388 	  16 	  2.377 	  0.034 
1248444551.388 	  36 	  2.391 	  0.101 
1248444551.859 	   9 	  2.289 	 -0.039 
1248444551.859 	  36 	  2.333 	  0.114 
1248444552.094 	  16 	  2.331 	  0.038 
1248444552.094 	  36 	  2.333 	  0.117 
1248444552.330 	   9 	  2.275 	 -0.037 
1248444552.330 	  36 	  2.318 	  0.116 
1248444552.566 	  16 	  2.302 	  0.038 
1248444552.566 	  36 	  2.303 	  0.120 
1248444552.801 	  16 	  2.300 	  0.036 
1248444552.801 	  36 	  2.301 	  0.116 
1248444553.373 	  36 	  2.305 	  0.102 
1248444553.608 	  16 	  2.247 	  0.037 
1248444553.608 	  36 	  2.248 	  0.119 
1248444554.538 	  16 	  2.175 	  0.042 
1248444554.538 	  36 	  2.180 	  0.126 
1248444554.777 	   9 	  2.131 	 -0.039 
1248444554.777 	  16 	  2.171 	  0.042 
1248444554.777 	  36 	  2.176 	  0.125 
1248444555.523 	  36 	  2.135 	  0.134 
1248444556.218 	   9 	  2.055 	 -0.039 
1248444556.218 	  36 	  2.102 	  0.129 
1248444556.452 	  16 	  2.079 	  0.043 
1248444556.452 	  36 	  2.086 	  0.130 
1248444556.922 	  16 	  2.090 	  0.020 
1248444557.155 	  16 	  2.025 	 -0.014 
1248444557.155 	  36 	  2.036 	  0.077 
1248444557.386 	  16 	  2.010 	 -0.074 
1248444557.386 	  36 	  2.031 	  0.017 
1248444557.617 	  16 	  1.980 	 -0.147 
1248444557.618 	  36 	  2.017 	 -0.053 
1248444558.079 	  36 	  1.929 	 -0.236 
1248444558.309 	  16 	  1.794 	 -0.426 
1248444558.309 	  36 	  1.872 	 -0.327 
1248444560.123 	  61 	  1.247 	  0.291 
1248444560.349 	  61 	  1.261 	  0.196 
1248444560.575 	  61 	  1.269 	  0.096 
1248444560.800 	  61 	  1.262 	  0.053 
1248444561.027 	  61 	  1.240 	 -0.042 
1248444561.481 	  61 	  1.213 	 -0.114 
1248444590.261 	  63 	  6.304 	  0.173 
1248444590.727 	   7 	  6.304 	  0.227 
1248444590.954 	  63 	  6.304 	  0.170 
1248444591.186 	   7 	  6.386 	  0.211 
1248444591.420 	  81 	  6.448 	  0.177 
1248444591.655 	  63 	  6.304 	  0.167 
1248444592.359 	   7 	  6.304 	  0.205 
1248444592.828 	   7 	  6.304 	  0.194 
1248444593.409 	   7 	  6.304 	  0.192 
1248444593.643 	  81 	  6.257 	  0.170 
1248444593.874 	   7 	  6.166 	  0.188 
1248444594.110 	  81 	  6.166 	  0.157 
1248444594.807 	   7 	  6.166 	  0.188 
1248444595.041 	  81 	  6.166 	  0.157 
1248444595.041 	   7 	  6.166 	  0.180 
1248444595.507 	  81 	  6.166 	  0.150 
1248444595.507 	   7 	  6.077 	  0.177 
1248444595.740 	  81 	  6.063 	  0.158 
1248444595.740 	   7 	  6.034 	  0.190 
1248444595.973 	  81 	  6.077 	  0.160 
1248444595.973 	   7 	  6.034 	  0.187 
1248444596.206 	  81 	  6.034 	  0.153 
1248444596.908 	  63 	  5.908 	  0.130 
1248444597.143 	  63 	  5.908 	  0.131 
1248444597.377 	  81 	  6.034 	  0.143 
1248444597.378 	   7 	  5.908 	  0.176 
1248444597.612 	  23 	  2.827 	  0.382 
1248444598.314 	   7 	  5.908 	  0.164 
1248444598.314 	  23 	  2.774 	  0.397 
1248444598.548 	  63 	  5.787 	  0.110 
1248444598.548 	  23 	  2.748 	  0.396 
1248444598.782 	  23 	  2.722 	  0.407 
1248444599.250 	  81 	  5.908 	  0.135 
1248444599.250 	  23 	  2.726 	  0.419 
1248444599.713 	  23 	  2.712 	  0.419 
1248444599.948 	  81 	  5.787 	  0.117 
1248444600.415 	  63 	  5.671 	  0.109 
1248444600.415 	   7 	  5.728 	  0.162 
1248444600.882 	  63 	  5.671 	  0.098 
1248444600.882 	  23 	  2.689 	  0.442 
1248444601.117 	  63 	  5.559 	  0.094 
1248444601.117 	  23 	  2.682 	  0.445 
1248444601.350 	  81 	  5.787 	  0.105 
1248444601.350 	  23 	  2.697 	  0.444 
1248444602.816 	   7 	  5.671 	  0.124 
1248444603.235 	  81 	  5.671 	  0.093 
1248444603.235 	   7 	  5.671 	  0.117 
1248444603.699 	  81 	  5.559 	  0.094 
1248444603.933 	   7 	  5.559 	  0.113 
1248444604.166 	  63 	  5.452 	  0.050 
1248444604.167 	  81 	  5.559 	  0.072 
1248444606.572 	  41 	  1.919 	  0.298 
1248444606.822 	  41 	  1.937 	  0.195 
1248444607.059 	  41 	  1.938 	  0.083 
1248444607.296 	  41 	  1.929 	  0.005 
1248444607.534 	  54 	  3.131 	 -0.477 
1248444607.534 	  41 	  1.905 	 -0.056 
1248444607.776 	  41 	  1.861 	 -0.141 
1248444608.013 	  41 	  1.810 	 -0.195 
1248444608.482 	  41 	  1.713 	 -0.317 
1248444608.720 	  41 	  1.669 	 -0.357 
1248444608.961 	  41 	  1.630 	 -0.385 
1248444609.203 	  41 	  1.610 	 -0.389 
1248444609.678 	  41 	  1.577 	 -0.384 
1248444609.917 	  41 	  1.559 	 -0.384 
1248444610.155 	  41 	  1.550 	 -0.376 
1248444610.389 	  41 	  1.517 	 -0.372 
1248444610.621 	  41 	  1.492 	 -0.373 
1248444610.858 	  41 	  1.466 	 -0.372 
1248444611.096 	  41 	  1.451 	 -0.369 
1248444611.336 	  41 	  1.439 	 -0.367 
1248444611.569 	  41 	  1.413 	 -0.364 
1248444611.806 	  41 	  1.405 	 -0.361 
1248444612.046 	  41 	  1.373 	 -0.359 
1248444612.282 	  41 	  1.363 	 -0.335 
1248444612.520 	  41 	  1.370 	 -0.266 
1248444612.761 	  41 	  1.351 	 -0.260 
1248444613.002 	  41 	  1.336 	 -0.248 
1248444613.279 	  41 	  1.315 	 -0.218 
1248444613.514 	  41 	  1.315 	 -0.109 
1248444613.755 	  41 	  1.294 	 -0.066 
1248444613.996 	  41 	  1.276 	 -0.056 
1248444614.239 	  41 	  1.249 	 -0.055 
1248444614.483 	  41 	  1.220 	 -0.051 
1248444614.746 	  41 	  1.203 	 -0.051 
1248444614.988 	  41 	  1.160 	 -0.051 
1248444615.231 	  41 	  1.138 	 -0.053 
1248444615.737 	  54 	  2.722 	 -0.573 
1248444615.737 	  41 	  1.097 	 -0.012 
1248444615.979 	  54 	  2.720 	 -0.560 
1248444616.249 	  54 	  2.748 	 -0.575 
1248444616.514 	  54 	  2.708 	 -0.563 
1248444616.753 	  54 	  2.682 	 -0.565 
1248444616.990 	  54 	  2.774 	 -0.492 
1248444617.464 	  18 	  2.673 	 -0.565 
1248444617.464 	  54 	  2.777 	 -0.481 
1248444617.701 	  27 	  2.880 	 -0.541 
1248444617.701 	  54 	  2.779 	 -0.483 
1248444617.936 	  23 	  1.870 	 -0.575 
1248444618.169 	  54 	  2.877 	 -0.361 
1248444618.404 	  27 	  3.060 	 -0.367 
1248444618.404 	  54 	  2.915 	 -0.314 
1248444618.641 	  27 	  3.047 	 -0.363 
1248444618.641 	  54 	  2.907 	 -0.312 
1248444618.878 	  54 	  2.893 	 -0.310 
1248444619.114 	  54 	  2.924 	 -0.271 
1248444619.347 	  45 	  4.574 	 -0.410 
1248444619.347 	  54 	  2.953 	 -0.226 
1248444619.581 	  18 	  2.926 	 -0.262 
1248444619.581 	  54 	  2.986 	 -0.157 
1248444619.815 	  18 	  2.964 	 -0.213 
1248444619.815 	  54 	  2.998 	 -0.110 
1248444620.279 	  45 	  4.805 	 -0.165 
1248444620.279 	  54 	  3.007 	  0.013 
1248444620.510 	  18 	  3.017 	 -0.026 
1248444620.510 	  54 	  3.017 	  0.075 
1248444620.740 	  70 	  5.062 	 -0.078 
1248444620.741 	  54 	  2.985 	  0.127 
1248444620.970 	  18 	  3.006 	  0.113 
1248444620.970 	  54 	  2.953 	  0.212 
1248444621.200 	  70 	  5.062 	  0.059 
1248444621.200 	  54 	  2.888 	  0.265 
1248444621.432 	  81 	  4.974 	 -0.325 
1248444621.432 	  23 	  2.047 	  0.279 
1248444621.658 	   7 	  5.062 	 -0.219 
1248444621.659 	  23 	  1.995 	  0.350 
1248444621.887 	  81 	  5.062 	 -0.208 
1248444621.887 	  23 	  1.962 	  0.395 
1248444622.116 	  63 	  4.974 	 -0.188 
1248444622.116 	  18 	  2.800 	  0.369 
1248444622.345 	   7 	  5.154 	 -0.079 
1248444622.576 	  81 	  5.175 	 -0.044 
1248444622.576 	  18 	  2.649 	  0.475 
1248444622.809 	  81 	  5.241 	 -0.001 
1248444622.809 	  70 	  4.649 	  0.408 
1248444623.100 	  81 	  5.178 	 -0.005 
1248444623.100 	  45 	  4.432 	  0.444 
1248444623.328 	  63 	  5.022 	 -0.081 
1248444623.328 	  81 	  5.192 	 -0.052 
1248444623.329 	   7 	  5.154 	 -0.018 
1248444623.329 	  70 	  4.649 	  0.364 
1248444623.329 	  45 	  4.502 	  0.395 
1248444623.560 	  63 	  4.974 	 -0.143 
1248444623.560 	  81 	  5.154 	 -0.114 
1248444623.560 	   7 	  5.117 	 -0.079 
1248444623.561 	  70 	  4.726 	  0.307 
1248444623.561 	  45 	  4.649 	  0.335 
1248444623.561 	  18 	  2.697 	  0.425 
1248444623.795 	  63 	  4.974 	 -0.186 
1248444623.795 	  81 	  5.154 	 -0.156 
1248444623.796 	   7 	  5.062 	 -0.124 
1248444623.796 	  70 	  4.805 	  0.269 
1248444623.796 	  45 	  4.649 	  0.299 
1248444623.796 	  18 	  2.748 	  0.387 
1248444623.796 	  23 	  1.855 	  0.476 
1248444624.045 	  63 	  4.888 	 -0.224 
1248444624.046 	  81 	  5.062 	 -0.194 
1248444624.046 	   7 	  4.974 	 -0.158 
1248444624.046 	  45 	  4.726 	  0.264 
1248444624.046 	  18 	  2.774 	  0.352 
1248444624.046 	  23 	  1.884 	  0.442 
1248444624.280 	  45 	  4.726 	  0.212 
1248444624.514 	  63 	  4.726 	 -0.313 
1248444624.515 	  81 	  4.974 	 -0.283 
1248444624.515 	  70 	  4.888 	  0.151 
1248444624.515 	  45 	  4.805 	  0.183 
1248444624.515 	  18 	  2.827 	  0.273 
1248444625.217 	  63 	  4.649 	 -0.401 
1248444625.217 	  81 	  4.805 	 -0.375 
1248444625.217 	   7 	  4.805 	 -0.335 
1248444625.217 	  70 	  4.896 	  0.066 
1248444625.217 	  45 	  4.805 	  0.095 
1248444625.217 	  18 	  2.872 	  0.181 
1248444625.453 	  63 	  4.649 	 -0.405 
1248444625.453 	  70 	  4.937 	  0.066 
1248444625.453 	  45 	  4.816 	  0.096 
1248444625.453 	  18 	  2.876 	  0.180 
1248444625.687 	   7 	  4.805 	 -0.335 
1248444625.688 	  70 	  4.888 	  0.067 
1248444625.688 	  45 	  4.774 	  0.098 
1248444625.688 	  18 	  2.855 	  0.183 
1248444625.925 	  70 	  4.888 	  0.066 
1248444625.925 	  45 	  4.805 	  0.094 
1248444625.925 	  18 	  2.855 	  0.180 
1248444626.395 	  70 	  4.888 	  0.056 
1248444626.396 	  45 	  4.805 	  0.095 
1248444626.396 	  18 	  2.827 	  0.183 
1248444626.633 	  70 	  4.882 	  0.066 
1248444626.633 	  45 	  4.763 	  0.099 
1248444626.633 	  18 	  2.831 	  0.181 
1248444626.869 	  45 	  4.805 	  0.099 
1248444627.105 	  70 	  4.815 	  0.067 
1248444627.105 	  45 	  4.734 	  0.098 
1248444627.105 	  18 	  2.800 	  0.177 
1248444627.579 	  70 	  4.888 	  0.065 
1248444627.579 	  45 	  4.714 	  0.099 
1248444627.579 	  54 	  2.728 	  0.280 
1248444627.816 	  70 	  4.833 	  0.064 
1248444627.816 	  45 	  4.687 	  0.098 
1248444628.054 	  70 	  4.836 	  0.068 
1248444628.054 	  45 	  4.660 	  0.099 
1248444629.229 	  70 	  4.726 	  0.066 
1248444629.229 	  45 	  4.687 	  0.093 
1248444629.701 	  70 	  4.726 	  0.067 
1248444629.701 	  45 	  4.574 	  0.101 
1248444630.171 	  70 	  4.726 	  0.058 
1248444630.171 	  45 	  4.649 	  0.093 
1248444630.172 	  23 	  1.703 	  0.433 
1248444630.406 	  70 	  4.711 	  0.063 
1248444630.406 	  45 	  4.574 	  0.097 
1248444630.406 	  18 	  2.625 	  0.186 
1248444630.406 	  23 	  1.693 	  0.435 
1248444630.880 	  23 	  1.652 	  0.455 
1248444631.115 	  70 	  4.649 	  0.064 
1248444631.115 	  23 	  1.636 	  0.462 
1248444631.582 	  70 	  4.649 	  0.054 
1248444631.582 	  23 	  1.598 	  0.475 
1248444632.050 	  70 	  4.574 	  0.014 
1248444632.517 	  23 	  1.536 	  0.462 
1248444632.753 	  54 	  2.471 	  0.234 
1248444632.753 	  23 	  1.506 	  0.471 
1248444634.665 	   7 	  3.998 	 -0.500 
1248444634.665 	  54 	  2.294 	  0.246 
1248444634.899 	  54 	  2.287 	  0.241 
1248444635.367 	  54 	  2.247 	  0.268 
1248444635.601 	  54 	  2.230 	  0.264 
1248444635.835 	  54 	  2.230 	  0.254 
1248444636.290 	  54 	  2.141 	  0.330 
1248444636.755 	  54 	  1.994 	  0.473 
1248444636.987 	  63 	  4.298 	 -0.220 
1248444637.909 	  81 	  4.432 	  0.145 
1248444637.909 	   7 	  4.364 	  0.184 
1248444638.368 	  63 	  4.173 	  0.230 
1248444638.368 	  81 	  4.256 	  0.266 
1248444638.833 	  81 	  4.133 	  0.352 
1248444639.065 	  63 	  3.998 	  0.369 
1248444639.066 	  81 	  4.055 	  0.403 
1248444639.302 	  63 	  3.890 	  0.412 
1248444639.302 	  81 	  3.916 	  0.450 
1248444639.773 	  63 	  3.838 	  0.421 
1248444639.773 	  81 	  3.890 	  0.449 
1248444640.011 	  63 	  3.838 	  0.422 
1248444640.011 	  81 	  3.890 	  0.449 
1248444640.481 	  63 	  3.787 	  0.413 
1248444640.482 	  81 	  3.838 	  0.449 
1248444640.717 	  63 	  3.787 	  0.428 
1248444640.955 	  63 	  3.746 	  0.422 
1248444640.955 	  81 	  3.797 	  0.455 
1248444641.194 	  63 	  3.738 	  0.424 
1248444641.194 	  81 	  3.838 	  0.448 
1248444642.136 	  63 	  3.738 	  0.423 
1248444642.369 	  81 	  3.738 	  0.466 
1248444643.408 	  63 	  3.601 	  0.440 
1248444643.408 	  81 	  3.661 	  0.472 
1248444643.641 	  63 	  3.613 	  0.442 
1248444643.641 	  81 	  3.643 	  0.474 
1248444644.107 	  81 	  3.616 	  0.476 
1248444644.342 	  63 	  3.545 	  0.449 
1248444644.343 	  81 	  3.620 	  0.476 
1248444645.576 	  63 	  3.510 	  0.448 
1248444646.291 	  63 	  3.714 	  0.249 
1248444646.532 	  81 	  3.838 	  0.211 
1248444646.773 	  81 	  3.890 	  0.136 
1248444647.246 	  63 	  3.720 	 -0.094 
1248444647.246 	  81 	  3.890 	 -0.056 
1248444647.246 	   7 	  3.890 	 -0.010 
1248444648.193 	  18 	  1.736 	  0.456 
1248444648.437 	  41 	  1.130 	  0.211 
1248444648.671 	  70 	  3.738 	 -0.024 
1248444648.671 	  18 	  1.825 	  0.306 
1248444648.671 	  54 	  1.816 	  0.438 
1248444648.906 	  18 	  1.854 	  0.211 
1248444648.906 	  54 	  1.881 	  0.342 
1248444649.146 	  41 	  1.141 	 -0.011 
1248444649.146 	  18 	  1.856 	  0.194 
1248444649.146 	  54 	  1.870 	  0.342 
1248444649.617 	  41 	  1.119 	 -0.052 
1248444649.617 	  18 	  1.815 	  0.187 
1248444649.617 	  54 	  1.844 	  0.323 
1248444649.868 	  41 	  1.106 	 -0.089 
1248444649.868 	  18 	  1.817 	  0.154 
1248444649.868 	  27 	  2.019 	  0.192 
1248444649.868 	  54 	  1.852 	  0.291 
1248444650.104 	  18 	  1.814 	  0.125 
1248444650.105 	  54 	  1.862 	  0.260 
1248444650.585 	  18 	  1.782 	  0.088 
1248444650.585 	  27 	  2.005 	  0.113 
1248444650.586 	  54 	  1.840 	  0.228 
1248444650.825 	  18 	  1.764 	  0.063 
1248444650.826 	  27 	  1.983 	  0.102 
1248444650.826 	  54 	  1.830 	  0.207 
1248444651.087 	  27 	  1.971 	  0.093 
1248444651.087 	  54 	  1.820 	  0.199 
1248444651.328 	  18 	  1.766 	  0.047 
1248444651.328 	  54 	  1.836 	  0.195 
1248444651.568 	  18 	  1.744 	  0.047 
1248444651.568 	  27 	  1.964 	  0.088 
1248444651.568 	  54 	  1.812 	  0.193 
1248444651.807 	  18 	  1.739 	  0.056 
1248444651.807 	  27 	  1.959 	  0.097 
1248444651.807 	  54 	  1.806 	  0.203 
1248444652.284 	  18 	  1.697 	  0.064 
1248444652.284 	  27 	  1.917 	  0.104 
1248444652.284 	  54 	  1.762 	  0.213 
1248444652.522 	  43 	  3.309 	 -0.278 
1248444652.522 	  18 	  1.689 	  0.060 
1248444652.522 	  27 	  1.908 	  0.102 
1248444652.522 	  54 	  1.754 	  0.211 
1248444652.752 	  18 	  1.666 	  0.080 
1248444652.752 	  54 	  1.728 	  0.233 
1248444653.324 	  54 	  1.731 	  0.099 
1248444653.557 	  54 	  1.725 	 -0.015 
1248444653.789 	  54 	  1.696 	 -0.132 
1248444654.015 	  54 	  1.674 	 -0.179 
1248444654.249 	  54 	  1.657 	 -0.227 
1248444654.478 	  18 	  1.396 	 -0.489 
1248444654.478 	  54 	  1.586 	 -0.316 
1248444654.717 	  18 	  1.353 	 -0.539 
1248444654.717 	  27 	  1.588 	 -0.494 
1248444654.717 	  54 	  1.553 	 -0.365 
1248444654.960 	  18 	  1.328 	 -0.570 
1248444654.960 	  27 	  1.547 	 -0.541 
1248444654.960 	  54 	  1.527 	 -0.407 
1248444655.682 	  27 	  1.486 	 -0.575 
1248444655.682 	  54 	  1.450 	 -0.457 
1248444655.960 	  27 	  1.475 	 -0.575 
1248444655.960 	  54 	  1.440 	 -0.457 
1248444656.203 	  54 	  1.418 	 -0.463 
1248444656.686 	  54 	  1.392 	 -0.468 
1248444656.930 	  54 	  1.376 	 -0.475 
1248444657.173 	  54 	  1.369 	 -0.472 
1248444657.657 	  54 	  1.325 	 -0.491 
1248444658.379 	  54 	  1.300 	 -0.500 
1248444658.861 	  54 	  1.250 	 -0.539 
1248444659.587 	  54 	  1.215 	 -0.527 
1248444659.824 	  54 	  1.195 	 -0.538 
1248444660.054 	  54 	  1.191 	 -0.537 
1248444660.284 	  54 	  1.172 	 -0.543 
1248444660.521 	  54 	  1.156 	 -0.546 
1248444660.762 	  54 	  1.145 	 -0.549 
1248444660.995 	  54 	  1.140 	 -0.545 
1248444661.469 	  54 	  1.123 	 -0.544 
1248444688.520 	  16 	  4.974 	  0.360 
1248444688.756 	  16 	  5.062 	  0.309 
1248444688.989 	   9 	  5.154 	  0.205 
1248444688.989 	  16 	  5.154 	  0.234 
1248444689.460 	  36 	  5.250 	  0.164 
1248444689.694 	  36 	  5.349 	  0.094 
1248444690.628 	  16 	  5.202 	 -0.177 
1248444690.859 	  16 	  5.062 	 -0.244 
1248444692.012 	  14 	  2.335 	  0.012 
1248444692.242 	  14 	  2.317 	 -0.031 
1248444692.923 	  14 	  2.264 	 -0.192 
1248444694.177 	  14 	  2.075 	 -0.423 
1248444700.321 	  14 	  1.855 	 -0.335 
1248444701.003 	  14 	  1.891 	 -0.142 
1248444701.235 	  14 	  1.884 	 -0.137 
1248444701.690 	  14 	  1.858 	 -0.019 
1248444702.153 	  14 	  1.834 	  0.032 
1248444702.844 	  14 	  1.761 	  0.112 
1248444703.137 	  23 	  4.224 	 -0.165 
1248444703.137 	  14 	  1.748 	  0.135 
1248444703.367 	  14 	  1.712 	  0.176 
1248444703.597 	  14 	  1.689 	  0.197 
1248444703.829 	  14 	  1.667 	  0.214 
1248444705.269 	  14 	  1.541 	  0.302 
1248444705.740 	  23 	  4.113 	 -0.117 
1248444705.977 	  14 	  1.468 	  0.348 
1248444706.440 	  23 	  4.113 	 -0.127 
1248444706.440 	  14 	  1.424 	  0.375 
1248444706.664 	  23 	  4.113 	 -0.121 
1248444706.898 	  23 	  4.143 	 -0.110 
1248444707.368 	  23 	  4.103 	 -0.105 
1248444707.605 	  23 	  4.113 	 -0.116 
1248444707.605 	  14 	  1.304 	  0.476 
1248444708.076 	  72 	  4.974 	 -0.499 
1248444708.076 	  23 	  4.084 	 -0.114 
1248444708.312 	  72 	  4.974 	 -0.508 
1248444708.312 	  25 	  5.062 	 -0.469 
1248444708.312 	  61 	  3.468 	 -0.417 
1248444708.312 	  23 	  4.089 	 -0.124 
1248444709.491 	  72 	  4.888 	 -0.506 
1248444710.726 	  23 	  4.055 	 -0.131 
1248444710.962 	  72 	  4.805 	 -0.500 
1248444710.962 	  23 	  4.055 	 -0.126 
1248444713.185 	  23 	  3.998 	 -0.144 
1248444713.869 	  23 	  3.998 	 -0.139 
1248444714.095 	  23 	  3.989 	 -0.151 
1248444714.997 	  23 	  3.998 	 -0.143 
1248444715.225 	  23 	  3.943 	 -0.146 
1248444715.453 	  23 	  3.990 	 -0.152 
1248444716.365 	  23 	  3.943 	 -0.165 
1248444716.594 	  23 	  3.932 	 -0.157 
1248444716.823 	  23 	  3.943 	 -0.166 
1248444717.279 	  23 	  3.934 	 -0.171 
1248444717.505 	  23 	  3.943 	 -0.171 
1248444717.960 	  23 	  3.932 	 -0.178 
1248444718.872 	  23 	  3.875 	 -0.178 
1248444719.331 	  23 	  3.838 	 -0.181 
1248444719.781 	  23 	  3.838 	 -0.195 
1248444720.009 	  23 	  3.830 	 -0.200 
1248444720.238 	  23 	  3.787 	 -0.196 
1248444720.468 	  23 	  3.829 	 -0.191 
1248444721.610 	  23 	  3.738 	 -0.219 
1248444722.068 	  23 	  3.731 	 -0.227 
1248444722.296 	  23 	  3.738 	 -0.213 
1248444722.522 	  23 	  3.730 	 -0.209 
1248444722.749 	  23 	  3.698 	 -0.203 
1248444723.534 	  23 	  3.690 	 -0.203 
1248444723.764 	  23 	  3.683 	 -0.205 
1248444725.369 	  23 	  3.598 	 -0.230 
1248444725.826 	  23 	  3.598 	 -0.230 
1248444726.051 	  23 	  3.516 	 -0.230 
1248444726.280 	  61 	  2.335 	 -0.421 
1248444726.280 	  23 	  3.539 	 -0.232 
1248444726.510 	  23 	  3.510 	 -0.252 
1248444726.740 	  23 	  3.500 	 -0.256 
1248444727.429 	  23 	  3.441 	 -0.260 
1248444727.660 	  23 	  3.419 	 -0.271 
1248444728.782 	  23 	  3.387 	 -0.260 
1248444730.850 	  23 	  3.175 	 -0.317 
1248444761.329 	  81 	  6.034 	  0.169 
1248444761.329 	  14 	  4.805 	  0.478 
1248444761.565 	  14 	  4.805 	  0.471 
1248444761.800 	  63 	  5.787 	  0.128 
1248444762.270 	  81 	  5.908 	  0.140 
1248444762.504 	  81 	  6.034 	  0.143 
1248444762.972 	   7 	  5.908 	  0.174 
1248444763.302 	  63 	  5.787 	  0.125 
1248444763.533 	  81 	  5.908 	  0.143 
1248444763.760 	   7 	  5.787 	  0.181 
1248444763.988 	  81 	  5.908 	  0.140 
1248444764.455 	  81 	  5.908 	  0.137 
1248444764.685 	  81 	  5.787 	  0.139 
1248444765.635 	  81 	  5.787 	  0.136 
1248444765.635 	   7 	  5.787 	  0.171 
1248444765.868 	  70 	  5.559 	  0.466 
1248444766.805 	  81 	  5.787 	  0.131 
1248444766.805 	  70 	  5.452 	  0.471 
1248444767.260 	   7 	  5.728 	  0.149 
1248444767.491 	  70 	  5.452 	  0.454 
1248444767.958 	  81 	  5.671 	  0.095 
1248444767.958 	  45 	  5.349 	  0.474 
1248444768.426 	  63 	  5.550 	  0.079 
1248444768.426 	  45 	  5.349 	  0.478 
1248444768.660 	   7 	  5.671 	  0.132 
1248444768.893 	   7 	  5.671 	  0.133 
1248444769.130 	  63 	  5.452 	  0.082 
1248444769.130 	   7 	  5.559 	  0.135 
1248444769.130 	  70 	  5.394 	  0.452 
1248444769.602 	  63 	  5.452 	  0.085 
1248444769.603 	   7 	  5.559 	  0.137 
1248444769.841 	  63 	  5.452 	  0.080 
1248444769.844 	  81 	  5.559 	  0.099 
1248444769.844 	   7 	  5.559 	  0.137 
1248444769.845 	  70 	  5.452 	  0.447 
1248444770.081 	  63 	  5.452 	  0.088 
1248444770.081 	  81 	  5.559 	  0.099 
1248444770.793 	  63 	  5.349 	  0.083 
1248444770.793 	   7 	  5.559 	  0.133 
1248444771.510 	  63 	  5.336 	  0.083 
1248444771.510 	   7 	  5.452 	  0.137 
1248444771.746 	  81 	  5.452 	  0.102 
1248444771.746 	  70 	  5.250 	  0.461 
1248444771.973 	  63 	  5.349 	  0.086 
1248444772.891 	   7 	  5.452 	  0.134 
1248444773.232 	  81 	  5.452 	  0.102 
1248444773.232 	  70 	  5.250 	  0.464 
1248444773.700 	   7 	  5.349 	  0.134 
1248444773.938 	  63 	  5.154 	  0.089 
1248444773.938 	  81 	  5.349 	  0.108 
1248444773.939 	   7 	  5.349 	  0.143 
1248444773.939 	  70 	  5.154 	  0.469 
1248444774.175 	  63 	  5.202 	  0.096 
1248444774.175 	  81 	  5.349 	  0.109 
1248444774.175 	   7 	  5.349 	  0.146 
1248444774.882 	  63 	  5.133 	  0.076 
1248444774.882 	  81 	  5.324 	  0.096 
1248444774.882 	   7 	  5.250 	  0.131 
1248444775.830 	  63 	  5.007 	  0.082 
1248444775.830 	  81 	  5.211 	  0.102 
1248444775.830 	   7 	  5.250 	  0.141 
1248444775.831 	  70 	  4.974 	  0.474 
1248444776.301 	  63 	  5.062 	  0.072 
1248444776.301 	  81 	  5.250 	  0.093 
1248444776.538 	  63 	  5.053 	  0.077 
1248444776.538 	  81 	  5.154 	  0.096 
1248444776.538 	   7 	  5.154 	  0.131 
1248444776.775 	  63 	  5.007 	  0.086 
1248444776.775 	  81 	  5.226 	  0.105 
1248444777.014 	  63 	  4.974 	  0.089 
1248444777.014 	  81 	  5.081 	  0.105 
1248444777.015 	   7 	  5.144 	  0.143 
1248444777.250 	  63 	  4.974 	  0.082 
1248444777.250 	  81 	  5.062 	  0.103 
1248444777.250 	   7 	  5.144 	  0.137 
1248444777.741 	  63 	  4.888 	  0.067 
1248444777.741 	  70 	  4.888 	  0.471 
1248444778.215 	  63 	  4.888 	  0.066 
1248444778.215 	  70 	  4.931 	  0.466 
1248444778.449 	  63 	  4.888 	  0.075 
1248444778.683 	  81 	  5.062 	  0.101 
1248444778.683 	   7 	  5.062 	  0.127 
1248444778.912 	   7 	  5.062 	  0.130 
1248444779.143 	  63 	  4.805 	  0.068 
1248444779.143 	  81 	  4.974 	  0.088 
1248444779.143 	   7 	  5.062 	  0.123 
1248444779.411 	  81 	  4.974 	  0.079 
1248444779.645 	  81 	  5.032 	  0.075 
1248444779.645 	   7 	  4.974 	  0.112 
1248444780.110 	  81 	  4.974 	  0.085 
1248444780.343 	  81 	  4.888 	  0.085 
1248444780.574 	   7 	  4.888 	  0.122 
1248444780.574 	  70 	  4.726 	  0.475 
1248444780.808 	  81 	  4.888 	  0.077 
1248444780.808 	   7 	  4.888 	  0.119 
1248444781.041 	   7 	  4.888 	  0.101 
1248444781.510 	  81 	  4.835 	  0.082 
1248444781.510 	   7 	  4.871 	  0.118 
1248444782.935 	  63 	  4.574 	  0.055 
1248444782.936 	  81 	  4.726 	  0.069 
1248444782.936 	   7 	  4.726 	  0.107 
1248444782.936 	  70 	  4.649 	  0.474 
1248444783.179 	  81 	  4.726 	  0.060 
1248444783.415 	  81 	  4.708 	  0.063 
1248444783.415 	   7 	  4.726 	  0.100 
1248444783.650 	  81 	  4.654 	  0.072 
1248444783.650 	   7 	  4.710 	  0.109 
1248444783.884 	  81 	  4.649 	  0.068 
1248444783.884 	   7 	  4.649 	  0.102 
1248444784.353 	  81 	  4.614 	  0.054 
1248444784.353 	   7 	  4.598 	  0.086 
1248444784.589 	  63 	  4.432 	  0.027 
1248444784.589 	   7 	  4.574 	  0.084 
1248444785.751 	  81 	  4.518 	  0.048 
1248444785.986 	  81 	  4.502 	  0.048 
1248444786.453 	  81 	  4.432 	  0.053 
1248444786.453 	   7 	  4.502 	  0.085 
1248444786.918 	  81 	  4.432 	  0.042 
1248444787.152 	  81 	  4.381 	  0.035 
1248444787.618 	  81 	  4.422 	  0.037 
1248444788.321 	  81 	  4.331 	  0.037 
1248444788.553 	  81 	  4.364 	  0.039 
1248444788.786 	  63 	  4.143 	  0.005 
1248444789.488 	  63 	  4.113 	  0.004 
1248444789.488 	  81 	  4.298 	  0.033 
1248444790.206 	  81 	  4.235 	  0.018 
1248444790.447 	  81 	  4.182 	  0.017 
1248444790.685 	   7 	  4.173 	  0.063 
1248444790.941 	  63 	  3.992 	 -0.011 
1248444790.942 	  81 	  4.173 	  0.016 
1248444791.179 	  63 	  3.943 	 -0.003 
1248444791.179 	   7 	  4.173 	  0.054 
1248444791.414 	  63 	  3.940 	 -0.010 
1248444791.415 	  81 	  4.113 	  0.016 
1248444791.415 	   7 	  4.113 	  0.063 
1248444791.649 	  63 	  3.906 	 -0.018 
1248444791.649 	  81 	  4.081 	  0.006 
1248444791.880 	  63 	  3.890 	 -0.011 
1248444791.880 	  81 	  4.059 	  0.012 
1248444791.880 	   7 	  4.055 	  0.056 
1248444792.352 	  63 	  3.859 	 -0.014 
1248444792.352 	  81 	  4.049 	  0.012 
1248444792.816 	  81 	  3.998 	  0.015 
1248444793.391 	  81 	  3.943 	  0.001 
1248444793.852 	  81 	  3.943 	 -0.003 
1248444794.083 	  63 	  3.727 	 -0.028 
1248444794.083 	  81 	  3.904 	 -0.002 
1248444794.542 	  63 	  3.690 	 -0.031 
1248444795.271 	  81 	  3.838 	 -0.014 
1248444796.189 	  81 	  3.738 	 -0.027 
1248444797.113 	   7 	  3.738 	  0.019 
1248444797.576 	  81 	  3.622 	 -0.033 
1248444797.576 	   7 	  3.690 	  0.014 
1248444798.506 	  81 	  3.598 	 -0.046 
1248444798.739 	  81 	  3.527 	 -0.049 
1248444798.739 	  70 	  3.690 	  0.476 
1248444801.063 	  63 	  3.212 	 -0.103 
1248444801.527 	  81 	  3.330 	 -0.071 
1248444801.527 	   7 	  3.387 	 -0.023 
1248444801.758 	  81 	  3.315 	 -0.070 
1248444801.758 	   7 	  3.367 	 -0.012 
1248444802.222 	  81 	  3.279 	 -0.079 
1248444802.222 	   7 	  3.322 	 -0.018 
1248444802.687 	  81 	  3.272 	 -0.079 
1248444802.921 	  81 	  3.238 	 -0.085 
1248444802.921 	   7 	  3.272 	 -0.033 
1248444803.258 	  81 	  3.233 	 -0.095 
1248444803.258 	  70 	  3.510 	  0.471 
1248444803.490 	  81 	  3.185 	 -0.096 
1248444803.490 	   7 	  3.236 	 -0.049 
1248444803.720 	  81 	  3.172 	 -0.094 
1248444803.720 	   7 	  3.236 	 -0.045 
1248444804.181 	  81 	  3.158 	 -0.102 
1248444805.560 	  81 	  3.039 	 -0.122 
1248444806.011 	  81 	  3.002 	 -0.130 
1248444806.234 	  81 	  2.978 	 -0.136 
1248444807.814 	  81 	  2.887 	 -0.168 
1248444808.502 	  81 	  2.871 	 -0.155 
1248444808.503 	   7 	  2.912 	 -0.101 
1248444808.734 	   7 	  2.883 	 -0.102 
1248444808.963 	  81 	  2.826 	 -0.159 
1248444808.963 	  70 	  3.165 	  0.471 
1248444809.194 	  63 	  2.618 	 -0.202 
1248444809.194 	  70 	  3.141 	  0.472 
1248444809.424 	  81 	  2.805 	 -0.164 
1248444809.424 	   7 	  2.862 	 -0.100 
1248444809.883 	  81 	  2.772 	 -0.160 
1248444809.883 	   7 	  2.800 	 -0.094 
1248444810.576 	  81 	  2.710 	 -0.179 
1248444811.954 	  70 	  3.002 	  0.465 
1248444813.447 	  81 	  2.471 	 -0.236 
1248444813.678 	  81 	  2.454 	 -0.240 
1248444813.907 	  81 	  2.451 	 -0.241 
1248444814.829 	  81 	  2.372 	 -0.252 
1248444815.520 	  81 	  2.326 	 -0.271 
1248444815.751 	  70 	  2.787 	  0.473 
1248444817.143 	  63 	  1.989 	 -0.365 
1248444817.143 	   7 	  2.238 	 -0.237 
1248444818.983 	  81 	  2.033 	 -0.359 
1248444818.983 	  70 	  2.602 	  0.475 
1248444820.366 	   7 	  1.988 	 -0.308 
1248444820.827 	   7 	  1.958 	 -0.320 
1248444821.519 	  70 	  2.490 	  0.449 
1248444822.674 	  70 	  2.416 	  0.449 
1248444822.905 	   7 	  1.778 	 -0.387 
1248444822.905 	  70 	  2.412 	  0.441 
1248444824.139 	  45 	  2.615 	  0.096 
1248444824.599 	  45 	  2.571 	 -0.109 
1248444825.076 	  45 	  2.461 	 -0.300 
1248444825.076 	  27 	  1.895 	  0.454 
1248444825.312 	  18 	  1.725 	  0.467 
1248444825.546 	  45 	  2.291 	 -0.467 
1248444825.546 	  18 	  1.781 	  0.395 
1248444825.780 	  18 	  1.836 	  0.290 
1248444826.014 	  18 	  1.866 	  0.220 
1248444826.248 	  18 	  1.871 	  0.100 
1248444826.483 	  18 	  1.868 	  0.022 
1248444826.717 	  18 	  1.846 	 -0.065 
1248444826.951 	  18 	  1.810 	 -0.167 
1248444827.186 	  18 	  1.761 	 -0.258 
1248444827.420 	  18 	  1.708 	 -0.343 
1248444827.654 	  18 	  1.608 	 -0.471 
1248444828.124 	  14 	  2.971 	  0.027 
1248444828.359 	  14 	  2.953 	  0.002 
1248444828.594 	  14 	  2.929 	 -0.051 
1248444829.995 	  23 	  3.510 	 -0.124 
1248444829.995 	  25 	  7.100 	  0.174 
1248444830.697 	  23 	  3.407 	 -0.163 
1248444830.697 	  25 	  7.100 	  0.147 
1248444830.934 	  23 	  3.387 	 -0.164 
1248444830.935 	  25 	  6.925 	  0.152 
1248444831.638 	  41 	  2.416 	  0.069 
1248444832.112 	  41 	  2.376 	  0.079 
1248444832.817 	  32 	  5.559 	 -0.107 
1248444832.818 	  41 	  2.317 	  0.077 
1248444833.149 	  41 	  2.278 	  0.082 
1248444833.398 	  23 	  3.065 	 -0.195 
1248444833.398 	  25 	  6.758 	  0.158 
1248444833.635 	  32 	  5.452 	 -0.112 
1248444834.338 	  16 	  6.600 	 -0.151 
1248444834.338 	  41 	  2.144 	  0.085 
1248444834.573 	  32 	  5.452 	 -0.109 
1248444834.809 	  32 	  5.523 	 -0.097 
1248444834.809 	  25 	  6.758 	  0.167 
1248444835.281 	  36 	  6.498 	 -0.128 
1248444835.281 	  25 	  6.622 	  0.162 
1248444835.754 	  23 	  2.748 	 -0.213 
1248444835.754 	  90 	  5.062 	  0.119 
1248444836.690 	  32 	  5.452 	 -0.101 
1248444836.924 	  32 	  5.349 	 -0.102 
1248444836.924 	  41 	  1.794 	  0.082 
1248444837.160 	  23 	  2.557 	 -0.242 
1248444837.396 	  36 	  6.375 	 -0.127 
1248444837.396 	  41 	  1.734 	  0.090 
1248444837.633 	  16 	  6.375 	 -0.145 
1248444837.633 	  32 	  5.299 	 -0.087 
1248444837.868 	  32 	  5.349 	 -0.093 
1248444839.045 	  36 	  6.448 	 -0.133 
1248444839.045 	  41 	  1.595 	  0.096 
1248444853.632 	  16 	  5.452 	 -0.399 
1248444853.632 	  25 	  5.826 	 -0.021 
1248444853.867 	  72 	  5.908 	 -0.046 
1248444854.331 	  72 	  5.908 	  0.029 
1248444854.568 	  90 	  4.133 	 -0.006 
1248444854.568 	  25 	  5.787 	  0.095 
1248444855.067 	  14 	  2.748 	 -0.510 
1248444855.068 	  32 	  4.833 	 -0.282 
1248444855.068 	   9 	  5.559 	 -0.274 
1248444855.068 	  61 	  4.040 	 -0.008 
1248444855.068 	  90 	  4.113 	  0.041 
1248444855.068 	  72 	  5.787 	  0.110 
1248444855.312 	  32 	  4.888 	 -0.265 
1248444855.312 	  25 	  5.671 	  0.159 
1248444855.563 	  90 	  4.055 	  0.075 
1248444855.802 	  14 	  2.800 	 -0.457 
1248444855.802 	  32 	  4.822 	 -0.252 
1248444855.802 	   9 	  5.559 	 -0.232 
1248444855.802 	  36 	  5.559 	 -0.170 
1248444855.802 	  61 	  3.973 	  0.035 
1248444855.802 	  90 	  4.005 	  0.078 
1248444855.802 	  72 	  5.687 	  0.151 
1248444856.042 	  14 	  2.808 	 -0.448 
1248444856.042 	  32 	  4.888 	 -0.248 
1248444856.042 	   9 	  5.587 	 -0.225 
1248444856.042 	  36 	  5.671 	 -0.166 
1248444856.042 	  61 	  3.968 	  0.040 
1248444856.042 	  72 	  5.787 	  0.155 
1248444856.043 	  25 	  5.559 	  0.186 
1248444856.770 	  32 	  4.805 	 -0.250 
1248444856.770 	  72 	  5.671 	  0.169 
1248444857.020 	   9 	  5.541 	 -0.220 
1248444857.020 	  72 	  5.671 	  0.167 
1248444857.526 	  14 	  2.796 	 -0.418 
1248444857.526 	  32 	  4.765 	 -0.259 
1248444857.526 	   9 	  5.452 	 -0.222 
1248444857.526 	  61 	  3.838 	  0.052 
1248444857.526 	  90 	  3.890 	  0.098 
1248444857.526 	  72 	  5.671 	  0.165 
1248444857.526 	  25 	  5.487 	  0.200 
1248444857.773 	  14 	  2.784 	 -0.423 
1248444857.774 	  32 	  4.765 	 -0.269 
1248444857.774 	   9 	  5.452 	 -0.228 
1248444857.774 	  61 	  3.838 	  0.047 
1248444857.774 	  90 	  3.890 	  0.091 
1248444857.774 	  72 	  5.559 	  0.172 
1248444857.774 	  25 	  5.452 	  0.194 
1248444858.015 	  14 	  2.783 	 -0.412 
1248444858.015 	  32 	  4.726 	 -0.265 
1248444858.015 	   9 	  5.400 	 -0.218 
1248444858.015 	  61 	  3.804 	  0.056 
1248444858.015 	  90 	  3.871 	  0.101 
1248444858.015 	  72 	  5.559 	  0.175 
1248444858.016 	  25 	  5.452 	  0.204 
1248444858.495 	  32 	  4.726 	 -0.261 
1248444858.496 	   9 	  5.452 	 -0.211 
1248444858.496 	  16 	  5.452 	 -0.183 
1248444858.496 	  36 	  5.452 	 -0.144 
1248444858.496 	  61 	  3.812 	  0.064 
1248444858.496 	  72 	  5.559 	  0.181 
1248444858.496 	  25 	  5.452 	  0.209 
1248444858.753 	   9 	  5.363 	 -0.219 
1248444858.753 	  25 	  5.349 	  0.207 
1248444859.006 	  14 	  2.800 	 -0.401 
1248444859.006 	  32 	  4.726 	 -0.277 
1248444859.006 	  61 	  3.787 	  0.061 
1248444859.006 	  72 	  5.559 	  0.171 
1248444859.249 	  14 	  2.800 	 -0.394 
1248444859.249 	   9 	  5.349 	 -0.215 
1248444859.249 	  61 	  3.738 	  0.070 
1248444859.249 	  72 	  5.559 	  0.178 
1248444859.488 	   9 	  5.371 	 -0.208 
1248444859.489 	  16 	  5.452 	 -0.180 
1248444859.489 	  72 	  5.452 	  0.190 
1248444859.489 	  25 	  5.349 	  0.218 
1248444859.729 	  14 	  2.797 	 -0.368 
1248444859.729 	  32 	  4.630 	 -0.259 
1248444859.729 	   9 	  5.349 	 -0.201 
1248444859.729 	  16 	  5.349 	 -0.171 
1248444859.729 	  61 	  3.686 	  0.080 
1248444859.729 	  90 	  3.738 	  0.121 
1248444859.729 	  72 	  5.452 	  0.198 
1248444859.730 	  25 	  5.349 	  0.226 
1248444859.969 	  14 	  2.785 	 -0.372 
1248444859.969 	  32 	  4.574 	 -0.271 
1248444859.969 	   9 	  5.276 	 -0.210 
1248444859.969 	  16 	  5.349 	 -0.178 
1248444859.969 	  36 	  5.349 	 -0.135 
1248444859.969 	  61 	  3.654 	  0.072 
1248444859.969 	  90 	  3.695 	  0.117 
1248444859.969 	  25 	  5.349 	  0.222 
1248444860.211 	  14 	  2.800 	 -0.374 
1248444860.211 	  32 	  4.649 	 -0.270 
1248444860.211 	  61 	  3.690 	  0.067 
1248444860.451 	  14 	  2.770 	 -0.372 
1248444860.452 	  32 	  4.537 	 -0.277 
1248444860.452 	   9 	  5.274 	 -0.213 
1248444860.452 	  16 	  5.338 	 -0.183 
1248444860.452 	  61 	  3.633 	  0.067 
1248444860.452 	  90 	  3.659 	  0.117 
1248444860.452 	  72 	  5.366 	  0.188 
1248444860.452 	  25 	  5.250 	  0.216 
1248444860.691 	  14 	  2.790 	 -0.360 
1248444860.691 	  32 	  4.574 	 -0.266 
1248444860.691 	   9 	  5.250 	 -0.210 
1248444860.691 	  16 	  5.332 	 -0.177 
1248444860.691 	  61 	  3.616 	  0.078 
1248444860.691 	  90 	  3.654 	  0.126 
1248444860.691 	  72 	  5.349 	  0.199 
1248444860.691 	  25 	  5.250 	  0.228 
1248444860.932 	  14 	  2.774 	 -0.362 
1248444860.932 	   9 	  5.250 	 -0.213 
1248444860.932 	  16 	  5.250 	 -0.179 
1248444860.932 	  61 	  3.598 	  0.069 
1248444861.411 	  14 	  2.755 	 -0.366 
1248444861.411 	   9 	  5.181 	 -0.220 
1248444861.411 	  16 	  5.250 	 -0.182 
1248444861.411 	  61 	  3.554 	  0.067 
1248444861.411 	  90 	  3.598 	  0.114 
1248444861.411 	  72 	  5.349 	  0.190 
1248444861.412 	  25 	  5.250 	  0.217 
1248444862.847 	  14 	  2.744 	 -0.341 
1248444862.848 	  32 	  4.432 	 -0.273 
1248444862.848 	   9 	  5.146 	 -0.205 
1248444862.848 	  16 	  5.154 	 -0.170 
1248444862.848 	  61 	  3.462 	  0.089 
1248444862.848 	  90 	  3.480 	  0.144 
1248444862.848 	  72 	  5.154 	  0.214 
1248444862.848 	  25 	  5.062 	  0.244 
1248444863.119 	  90 	  3.468 	  0.144 
1248444863.391 	  32 	  4.364 	 -0.284 
1248444863.391 	  25 	  5.062 	  0.240 
1248444863.650 	  32 	  4.364 	 -0.296 
1248444863.650 	  25 	  5.062 	  0.237 
1248444863.891 	  61 	  3.348 	  0.093 
1248444863.891 	  72 	  5.154 	  0.205 
1248444864.127 	  32 	  4.364 	 -0.291 
1248444864.127 	  61 	  3.387 	  0.087 
1248444864.363 	  32 	  4.364 	 -0.288 
1248444864.363 	  61 	  3.357 	  0.094 
1248444864.598 	  32 	  4.298 	 -0.289 
1248444864.598 	  72 	  5.062 	  0.220 
1248444864.598 	  25 	  4.974 	  0.247 
1248444865.067 	   9 	  4.974 	 -0.211 
1248444865.067 	  61 	  3.286 	  0.094 
1248444865.759 	  61 	  3.236 	  0.094 
1248444865.995 	   9 	  4.888 	 -0.216 
1248444865.995 	  25 	  4.888 	  0.241 
1248444866.232 	   9 	  4.888 	 -0.230 
1248444866.232 	  25 	  4.805 	  0.243 
1248444866.469 	   9 	  4.888 	 -0.219 
1248444866.469 	  25 	  4.888 	  0.239 
1248444866.939 	  36 	  4.888 	 -0.139 
1248444867.175 	   9 	  4.805 	 -0.211 
1248444867.175 	  25 	  4.765 	  0.265 
1248444868.355 	   9 	  4.765 	 -0.200 
1248444868.355 	  25 	  4.649 	  0.278 
1248444868.828 	  32 	  3.998 	 -0.313 
1248444868.828 	  25 	  4.726 	  0.263 
1248444869.065 	  14 	  2.716 	 -0.343 
1248444869.066 	  25 	  4.574 	  0.273 
1248444869.302 	   9 	  4.687 	 -0.208 
1248444869.302 	  25 	  4.602 	  0.279 
1248444869.537 	  16 	  4.726 	 -0.169 
1248444869.537 	  25 	  4.649 	  0.283 
1248444869.768 	   9 	  4.627 	 -0.216 
1248444869.768 	  25 	  4.502 	  0.281 
1248444870.461 	   9 	  4.649 	 -0.215 
1248444870.461 	  72 	  4.649 	  0.246 
1248444870.696 	   9 	  4.638 	 -0.219 
1248444870.697 	  25 	  4.574 	  0.280 
1248444870.929 	   9 	  4.630 	 -0.215 
1248444870.929 	  25 	  4.525 	  0.282 
1248444871.163 	  36 	  4.649 	 -0.139 
1248444871.163 	  61 	  2.902 	  0.116 
1248444872.577 	  61 	  2.792 	  0.128 
1248444872.815 	  32 	  3.738 	 -0.346 
1248444872.815 	  25 	  4.432 	  0.293 
1248444873.428 	  16 	  4.502 	 -0.165 
1248444873.428 	  90 	  2.800 	  0.191 
1248444873.665 	  14 	  2.715 	 -0.282 
1248444873.665 	  25 	  4.298 	  0.313 
1248444873.902 	  14 	  2.722 	 -0.284 
1248444873.902 	  90 	  2.748 	  0.201 
1248444874.139 	   9 	  4.364 	 -0.210 
1248444874.139 	  61 	  2.672 	  0.140 
1248444874.376 	  14 	  2.693 	 -0.274 
1248444874.376 	  61 	  2.649 	  0.146 
1248444874.849 	  14 	  2.684 	 -0.266 
1248444874.849 	  25 	  4.203 	  0.320 
1248444875.083 	  36 	  4.331 	 -0.129 
1248444875.083 	  25 	  4.183 	  0.314 
1248444875.554 	  14 	  2.677 	 -0.258 
1248444875.554 	  72 	  4.298 	  0.283 
1248444875.790 	  36 	  4.294 	 -0.124 
1248444875.790 	  72 	  4.235 	  0.289 
1248444876.025 	  16 	  4.298 	 -0.163 
1248444876.025 	  72 	  4.235 	  0.291 
1248444876.260 	  14 	  2.649 	 -0.248 
1248444876.261 	  25 	  4.091 	  0.327 
1248444876.496 	  14 	  2.649 	 -0.242 
1248444876.496 	  25 	  4.113 	  0.322 
1248444876.726 	  14 	  2.647 	 -0.239 
1248444876.726 	  25 	  4.055 	  0.333 
1248444876.958 	  14 	  2.646 	 -0.227 
1248444876.958 	  25 	  4.055 	  0.337 
1248444877.193 	  16 	  4.247 	 -0.158 
1248444877.193 	  61 	  2.455 	  0.163 
1248444877.902 	  32 	  3.309 	 -0.372 
1248444877.902 	  25 	  3.998 	  0.340 
1248444878.139 	  14 	  2.647 	 -0.198 
1248444878.139 	  25 	  3.998 	  0.346 
1248444878.612 	  16 	  4.113 	 -0.166 
1248444878.612 	  72 	  4.113 	  0.300 
1248444878.853 	  32 	  3.200 	 -0.383 
1248444878.853 	  90 	  2.372 	  0.246 
1248444879.090 	  14 	  2.649 	 -0.190 
1248444879.327 	  14 	  2.619 	 -0.183 
1248444879.327 	  72 	  3.998 	  0.320 
1248444879.797 	   9 	  4.173 	 -0.217 
1248444879.797 	  25 	  3.849 	  0.353 
1248444880.031 	   9 	  4.113 	 -0.210 
1248444880.031 	  72 	  3.943 	  0.312 
1248444880.970 	   9 	  3.943 	 -0.205 
1248444880.970 	  25 	  3.749 	  0.375 
1248444881.207 	  14 	  2.521 	 -0.155 
1248444881.207 	  61 	  2.156 	  0.198 
1248444881.443 	   9 	  3.890 	 -0.213 
1248444881.443 	  25 	  3.738 	  0.368 
1248444881.677 	  32 	  2.831 	 -0.425 
1248444881.677 	  72 	  3.838 	  0.330 
1248444881.912 	  14 	  2.492 	 -0.149 
1248444882.150 	  14 	  2.471 	 -0.135 
1248444882.619 	  36 	  3.838 	 -0.111 
1248444882.619 	  25 	  3.643 	  0.390 
1248444883.209 	  14 	  2.409 	 -0.108 
1248444883.209 	  72 	  3.696 	  0.351 
1248444883.679 	  16 	  3.777 	 -0.163 
1248444883.679 	  61 	  1.989 	  0.214 
1248444884.386 	  16 	  3.738 	 -0.147 
1248444884.386 	  61 	  1.920 	  0.245 
1248444884.621 	   9 	  3.690 	 -0.206 
1248444884.621 	  72 	  3.598 	  0.364 
1248444884.892 	  36 	  3.690 	 -0.114 
1248444884.892 	  14 	  2.353 	 -0.071 
1248444885.136 	  14 	  2.335 	 -0.067 
1248444885.136 	  61 	  1.858 	  0.236 
1248444885.373 	   9 	  3.643 	 -0.213 
1248444885.373 	  72 	  3.554 	  0.364 
1248444886.084 	   9 	  3.576 	 -0.201 
1248444886.084 	  72 	  3.510 	  0.382 
1248444886.327 	   9 	  3.583 	 -0.201 
1248444886.328 	  72 	  3.443 	  0.391 
1248444886.328 	  25 	  3.322 	  0.434 
1248444886.568 	   9 	  3.567 	 -0.208 
1248444886.568 	  25 	  3.309 	  0.437 
1248444887.043 	  36 	  3.510 	 -0.114 
1248444887.043 	  25 	  3.272 	  0.438 
1248444887.280 	   9 	  3.496 	 -0.207 
1248444887.280 	  90 	  1.749 	  0.367 
1248444887.280 	  25 	  3.272 	  0.435 
1248444887.516 	   9 	  3.510 	 -0.197 
1248444887.516 	  25 	  3.236 	  0.446 
1248444887.754 	   9 	  3.468 	 -0.205 
1248444887.755 	  25 	  3.227 	  0.448 
1248444887.990 	  14 	  2.264 	  0.027 
1248444888.226 	   9 	  3.468 	 -0.203 
1248444888.226 	  61 	  1.641 	  0.283 
1248444888.464 	  14 	  2.234 	  0.038 
1248444888.465 	  25 	  3.150 	  0.457 
1248444888.700 	   9 	  3.427 	 -0.206 
1248444888.700 	  61 	  1.630 	  0.276 
1248444888.935 	  36 	  3.390 	 -0.107 
1248444889.165 	   9 	  3.387 	 -0.197 
1248444889.165 	  25 	  3.131 	  0.466 
1248444889.394 	   9 	  3.362 	 -0.197 
1248444889.395 	  25 	  3.076 	  0.472 
1248444889.629 	  16 	  3.344 	 -0.158 
1248444889.629 	  25 	  3.065 	  0.469 
1248444889.869 	  16 	  3.326 	 -0.165 
1248444889.869 	  25 	  3.065 	  0.471 
1248444890.104 	  36 	  3.294 	 -0.117 
1248444890.104 	  25 	  3.065 	  0.468 
1248444890.346 	  61 	  1.475 	  0.324 
1248444890.346 	  90 	  1.526 	  0.419 
1248444890.839 	  14 	  2.150 	  0.115 
1248444891.083 	  16 	  3.248 	 -0.151 
1248444891.083 	  36 	  3.236 	 -0.094 
1248444891.083 	  14 	  2.122 	  0.128 
1248444891.323 	   9 	  3.248 	 -0.195 
1248444891.323 	  16 	  3.256 	 -0.145 
1248444891.323 	  36 	  3.219 	 -0.089 
1248444891.323 	  14 	  2.112 	  0.146 
1248444891.564 	  16 	  3.263 	 -0.148 
1248444891.564 	  36 	  3.236 	 -0.081 
1248444891.564 	  14 	  2.130 	  0.149 
1248444891.564 	  61 	  1.409 	  0.358 
1248444891.798 	  14 	  2.119 	  0.209 
1248444891.798 	  61 	  1.400 	  0.388 
1248444892.026 	  61 	  1.347 	  0.456 
1248444892.254 	  16 	  3.239 	  0.053 
1248444892.254 	  36 	  3.200 	  0.107 
1248444892.726 	   9 	  3.309 	  0.034 
1248444892.726 	  14 	  1.980 	  0.404 
1248444892.957 	  36 	  3.165 	  0.147 
1248444893.735 	   9 	  3.200 	  0.174 
1248444893.735 	  36 	  3.069 	  0.275 
1248444894.196 	  16 	  3.042 	  0.334 
1248444894.196 	  36 	  2.953 	  0.387 
1248444894.429 	  32 	  1.593 	 -0.160 
1248444894.429 	  36 	  2.886 	  0.427 
1248444894.662 	   9 	  2.999 	  0.370 
1248444894.662 	  36 	  2.807 	  0.471 
1248444894.897 	  16 	  2.833 	  0.466 
1248444895.602 	  32 	  1.511 	 -0.041 
1248444895.842 	  32 	  1.468 	 -0.014 
1248444896.079 	  32 	  1.447 	 -0.019 
1248444896.318 	  32 	  1.422 	 -0.024 
1248444896.787 	  32 	  1.360 	 -0.047 
1248444897.014 	   9 	  2.827 	  0.430 
1248444897.711 	  16 	  2.974 	  0.230 
1248444897.711 	  36 	  2.886 	  0.287 
1248444897.945 	  36 	  2.930 	  0.214 
1248444898.409 	  36 	  2.963 	  0.051 
1248444898.643 	  16 	  2.967 	 -0.061 
1248444898.643 	  36 	  2.943 	 -0.002 
1248444898.877 	  16 	  2.943 	 -0.130 
1248444898.877 	  14 	  1.872 	  0.454 
1248444899.111 	  14 	  1.902 	  0.414 
1248444899.347 	  16 	  2.865 	 -0.227 
1248444899.347 	  36 	  2.864 	 -0.166 
1248444899.582 	  14 	  1.927 	  0.358 
1248444899.815 	  16 	  2.775 	 -0.286 
1248444899.815 	  61 	  1.138 	  0.413 
1248444900.049 	  36 	  2.765 	 -0.225 
1248444900.049 	  25 	  2.787 	  0.454 
1248444900.977 	  36 	  2.706 	 -0.222 
1248444901.209 	  36 	  2.704 	 -0.222 
1248444901.443 	  16 	  2.669 	 -0.294 
1248444901.443 	  36 	  2.676 	 -0.226 
1248444901.672 	  36 	  2.683 	 -0.227 
1248444901.907 	   9 	  2.625 	 -0.359 
1248444901.907 	  36 	  2.658 	 -0.231 
1248444902.142 	  36 	  2.622 	 -0.233 
1248444902.142 	  72 	  2.766 	  0.404 
1248444902.611 	  36 	  2.649 	 -0.162 
1248444903.167 	  36 	  2.643 	 -0.040 
1248444903.399 	   9 	  2.673 	 -0.069 
1248444903.399 	  16 	  2.649 	  0.002 
1248444903.632 	  16 	  2.658 	  0.041 
1248444903.632 	  36 	  2.611 	  0.107 
1248444904.567 	  16 	  2.603 	  0.145 
1248444904.567 	  36 	  2.533 	  0.211 
1248444904.800 	  16 	  2.579 	  0.151 
1248444905.033 	  16 	  2.572 	  0.149 
1248444905.033 	  36 	  2.496 	  0.216 
1248444905.261 	  36 	  2.491 	  0.215 
1248444905.490 	  16 	  2.549 	  0.151 
1248444905.490 	  36 	  2.469 	  0.219 
1248444905.719 	  36 	  2.455 	  0.217 
1248444905.952 	  36 	  2.462 	  0.221 
1248444906.415 	  16 	  2.486 	  0.148 
1248444906.415 	  36 	  2.409 	  0.219 
1248444906.874 	  16 	  2.470 	  0.152 
1248444906.874 	  36 	  2.399 	  0.223 
1248444907.108 	  16 	  2.434 	  0.153 
1248444907.108 	  36 	  2.364 	  0.225 
1248444907.344 	  16 	  2.458 	  0.155 
1248444907.344 	  36 	  2.387 	  0.230 
1248444907.817 	  16 	  2.408 	  0.157 
1248444907.817 	  36 	  2.339 	  0.230 
1248444908.053 	   9 	  2.463 	  0.085 
1248444908.053 	  36 	  2.337 	  0.232 
1248444908.289 	  16 	  2.411 	  0.147 
1248444908.526 	  16 	  2.361 	  0.162 
1248444908.526 	  36 	  2.283 	  0.237 
1248444908.763 	  16 	  2.352 	  0.163 
1248444908.763 	  36 	  2.280 	  0.236 
1248444909.236 	  16 	  2.317 	  0.177 
1248444909.236 	  36 	  2.247 	  0.247 
1248444909.473 	  16 	  2.305 	  0.161 
1248444909.473 	  36 	  2.231 	  0.236 
1248444909.710 	  16 	  2.294 	  0.165 
1248444909.710 	  36 	  2.217 	  0.242 
1248444909.947 	  16 	  2.271 	  0.170 
1248444909.947 	  36 	  2.200 	  0.246 
1248444910.421 	  16 	  2.233 	  0.170 
1248444910.421 	  36 	  2.163 	  0.248 
1248444910.658 	  16 	  2.231 	  0.170 
1248444910.658 	  36 	  2.161 	  0.248 
1248444910.896 	  36 	  2.145 	  0.248 
1248444911.135 	   9 	  2.233 	  0.088 
1248444911.372 	  16 	  2.171 	  0.181 
1248444911.372 	  36 	  2.099 	  0.259 
1248444911.845 	  16 	  2.138 	  0.181 
1248444911.845 	  36 	  2.072 	  0.262 
1248444912.083 	  16 	  2.123 	  0.184 
1248444912.083 	  36 	  2.054 	  0.265 
1248444912.318 	  36 	  2.061 	  0.251 
1248444912.556 	   9 	  2.116 	  0.101 
1248444912.556 	  36 	  2.008 	  0.268 
1248444912.790 	  16 	  2.079 	  0.190 
1248444912.790 	  36 	  2.012 	  0.266 
1248444913.028 	  16 	  2.041 	  0.201 
1248444913.028 	  36 	  1.966 	  0.287 
1248444913.351 	  16 	  2.075 	  0.190 
1248444913.589 	  16 	  2.002 	  0.212 
1248444913.589 	  36 	  1.928 	  0.298 
1248444913.824 	  16 	  1.980 	  0.201 
1248444913.824 	  36 	  1.902 	  0.290 
1248444914.060 	  16 	  1.971 	  0.209 
1248444914.060 	  36 	  1.895 	  0.298 
1248444914.530 	  16 	  1.924 	  0.226 
1248444914.530 	  36 	  1.858 	  0.305 
1248444915.535 	  16 	  1.850 	  0.236 
1248444915.535 	  36 	  1.771 	  0.329 
1248444915.770 	  36 	  1.741 	  0.354 
1248444916.006 	  16 	  1.836 	  0.243 
1248444916.006 	  36 	  1.765 	  0.329 
1248444916.242 	  16 	  1.795 	  0.246 
1248444916.242 	  36 	  1.716 	  0.342 
1248444916.479 	  16 	  1.783 	  0.244 
1248444916.479 	  36 	  1.703 	  0.341 
1248444916.714 	  16 	  1.762 	  0.259 
1248444916.714 	  36 	  1.679 	  0.358 
1248444916.951 	  16 	  1.737 	  0.267 
1248444916.951 	  36 	  1.656 	  0.367 
1248444917.189 	   9 	  1.795 	  0.158 
1248444917.189 	  36 	  1.684 	  0.348 
1248444917.424 	  16 	  1.724 	  0.255 
1248444917.425 	  36 	  1.650 	  0.352 
1248444917.662 	  36 	  1.618 	  0.370 
1248444917.898 	   9 	  1.702 	  0.170 
1248444917.898 	  16 	  1.671 	  0.271 
1248444917.898 	  36 	  1.592 	  0.374 
1248444918.137 	   9 	  1.700 	  0.174 
1248444918.137 	  16 	  1.661 	  0.278 
1248444918.137 	  36 	  1.583 	  0.381 
1248444918.376 	   9 	  1.699 	  0.161 
1248444918.614 	   9 	  1.652 	  0.190 
1248444918.614 	  16 	  1.616 	  0.296 
1248444918.615 	  36 	  1.532 	  0.402 
1248444918.846 	  36 	  1.540 	  0.387 
1248444919.076 	   9 	  1.667 	  0.185 
1248444919.770 	  16 	  1.578 	  0.296 
1248444919.770 	  36 	  1.497 	  0.404 
1248444920.232 	  16 	  1.550 	  0.303 
1248444920.232 	  36 	  1.475 	  0.407 
1248444920.710 	  36 	  1.407 	  0.451 
1248444920.947 	  36 	  1.392 	  0.455 
1248444921.417 	  16 	  1.460 	  0.330 
1248444921.417 	  36 	  1.369 	  0.449 
1248444921.888 	  36 	  1.345 	  0.456 
1248444922.350 	   9 	  1.480 	  0.220 
1248444922.581 	  16 	  1.396 	  0.364 
1248444922.581 	  36 	  1.317 	  0.468 
1248444922.815 	  16 	  1.402 	  0.351 
1248444923.183 	  16 	  1.385 	  0.347 
1248444923.183 	  36 	  1.312 	  0.458 
1248444923.419 	  16 	  1.359 	  0.354 
1248444923.419 	  36 	  1.279 	  0.469 
1248444923.653 	  36 	  1.273 	  0.474 
1248444923.889 	  16 	  1.298 	  0.393 
1248444924.597 	  16 	  1.271 	  0.397 
1248444924.833 	  16 	  1.266 	  0.393 
1248444925.070 	  16 	  1.257 	  0.395 
1248444925.299 	  16 	  1.260 	  0.379 
1248444925.528 	  16 	  1.212 	  0.409 
1248444925.758 	  16 	  1.214 	  0.405 
1248444925.991 	  16 	  1.166 	  0.445 
1248444926.465 	   9 	  1.206 	  0.307 
1248444926.700 	   9 	  1.157 	  0.384 
1248444927.166 	   9 	  1.110 	  0.469 
