# UTIAS Multi-Robot Cooperative Localization and Mapping Dataset
# produced by Keith Leung (keith.leung@robotics.utias.utoronto.ca) 2009
# Measurement Data Fomat:
# Time [s]    Subject #    range [m]    bearing [rad] 
1248444200.196 	  16 	  5.182 	 -0.001 
1248444200.196 	  41 	  3.267 	  0.259 
1248444200.666 	  41 	  3.196 	  0.313 
1248444200.901 	  41 	  3.162 	  0.323 
1248444201.370 	  36 	  5.116 	  0.096 
1248444201.838 	  16 	  5.090 	  0.067 
1248444202.067 	  41 	  3.065 	  0.359 
1248444202.542 	  16 	  5.001 	  0.143 
1248444203.479 	  16 	  4.677 	  0.415 
1248444227.207 	  14 	  1.198 	  0.569 
1248444227.439 	  14 	  1.199 	  0.560 
1248444227.678 	  14 	  1.204 	  0.556 
1248444227.911 	  14 	  1.209 	  0.541 
1248444228.146 	  14 	  1.216 	  0.532 
1248444228.379 	  14 	  1.223 	  0.519 
1248444228.611 	  14 	  1.232 	  0.503 
1248444228.844 	  14 	  1.236 	  0.494 
1248444229.075 	  14 	  1.238 	  0.487 
1248444229.307 	  14 	  1.246 	  0.474 
1248444229.539 	  14 	  1.251 	  0.462 
1248444229.777 	  14 	  1.257 	  0.449 
1248444230.015 	  14 	  1.263 	  0.433 
1248444230.253 	  14 	  1.266 	  0.426 
1248444230.493 	  14 	  1.271 	  0.417 
1248444230.732 	  14 	  1.278 	  0.402 
1248444230.970 	  14 	  1.282 	  0.392 
1248444231.209 	  14 	  1.287 	  0.381 
1248444231.444 	  14 	  1.291 	  0.369 
1248444231.679 	  14 	  1.294 	  0.358 
1248444231.921 	  14 	  1.302 	  0.342 
1248444232.224 	  14 	  1.303 	  0.334 
1248444232.458 	  14 	  1.312 	  0.317 
1248444232.692 	  14 	  1.313 	  0.311 
1248444232.928 	  14 	  1.316 	  0.297 
1248444233.170 	  14 	  1.321 	  0.284 
1248444233.408 	  14 	  1.322 	  0.274 
1248444233.645 	  14 	  1.331 	  0.258 
1248444233.882 	  14 	  1.332 	  0.252 
1248444234.119 	  14 	  1.330 	  0.241 
1248444234.356 	  14 	  1.339 	  0.222 
1248444234.594 	  14 	  1.342 	  0.208 
1248444234.831 	  14 	  1.346 	  0.196 
1248444235.068 	  14 	  1.347 	  0.186 
1248444235.308 	  14 	  1.349 	  0.178 
1248444235.541 	  14 	  1.353 	  0.158 
1248444235.777 	  14 	  1.353 	  0.147 
1248444236.517 	  14 	  1.361 	 -0.021 
1248444236.749 	  14 	  1.345 	 -0.042 
1248444240.725 	  25 	  5.289 	  0.244 
1248444240.956 	  25 	  5.277 	  0.246 
1248444241.204 	  72 	  5.376 	  0.202 
1248444241.429 	  72 	  5.376 	  0.202 
1248444244.308 	  90 	  3.768 	 -0.012 
1248444244.533 	  90 	  3.768 	 -0.012 
1248444246.334 	  72 	  5.182 	  0.179 
1248444246.334 	  25 	  5.182 	  0.215 
1248444247.942 	  16 	  4.084 	 -0.092 
1248444247.942 	  36 	  4.202 	 -0.046 
1248444247.942 	  72 	  5.077 	  0.300 
1248444247.942 	  25 	  4.967 	  0.341 
1248444248.173 	  16 	  4.142 	 -0.083 
1248444248.174 	  36 	  4.202 	 -0.045 
1248444248.174 	  72 	  5.001 	  0.303 
1248444248.406 	  36 	  4.202 	 -0.039 
1248444248.406 	  72 	  5.001 	  0.297 
1248444248.643 	  36 	  4.202 	 -0.041 
1248444248.643 	  72 	  5.001 	  0.301 
1248444248.643 	  25 	  5.001 	  0.345 
1248444248.884 	  72 	  5.001 	  0.301 
1248444249.125 	  72 	  5.090 	  0.303 
1248444249.822 	  72 	  5.001 	  0.300 
1248444250.751 	  72 	  5.001 	  0.303 
1248444251.012 	  25 	  4.916 	  0.341 
1248444251.250 	  72 	  5.001 	  0.303 
1248444251.935 	  72 	  4.916 	  0.312 
1248444253.836 	  72 	  4.833 	  0.314 
1248444254.521 	  36 	  3.973 	 -0.054 
1248444254.521 	  72 	  4.833 	  0.305 
1248444254.521 	  25 	  4.754 	  0.356 
1248444254.978 	  36 	  3.973 	 -0.053 
1248444254.978 	  72 	  4.833 	  0.311 
1248444257.059 	  72 	  4.833 	  0.311 
1248444257.060 	  61 	  2.832 	  0.519 
1248444257.285 	  72 	  4.754 	  0.305 
1248444257.285 	  25 	  4.715 	  0.353 
1248444257.737 	  25 	  4.677 	  0.351 
1248444257.964 	  61 	  2.887 	  0.493 
1248444258.190 	  25 	  4.754 	  0.350 
1248444258.416 	  72 	  4.785 	  0.306 
1248444258.643 	  72 	  4.765 	  0.309 
1248444258.643 	  25 	  4.754 	  0.352 
1248444258.869 	  25 	  4.754 	  0.352 
1248444258.869 	  61 	  2.887 	  0.493 
1248444259.097 	  72 	  4.754 	  0.309 
1248444259.325 	  25 	  4.754 	  0.351 
1248444260.454 	  36 	  3.873 	  0.047 
1248444261.127 	  72 	  4.327 	  0.531 
1248444261.584 	  72 	  4.285 	  0.548 
1248444261.812 	  72 	  4.279 	  0.552 
1248444262.040 	  72 	  4.313 	  0.548 
1248444262.268 	  72 	  4.275 	  0.552 
1248444262.495 	  72 	  4.264 	  0.549 
1248444262.726 	  36 	  3.817 	  0.177 
1248444262.726 	  72 	  4.264 	  0.550 
1248444262.956 	  72 	  4.253 	  0.549 
1248444263.189 	  72 	  4.279 	  0.552 
1248444263.417 	  72 	  4.239 	  0.550 
1248444263.645 	  72 	  4.264 	  0.549 
1248444263.873 	  72 	  4.237 	  0.550 
1248444264.101 	  72 	  4.292 	  0.549 
1248444264.329 	  72 	  4.275 	  0.549 
1248444264.557 	  36 	  3.817 	  0.175 
1248444264.557 	  72 	  4.270 	  0.549 
1248444264.785 	  72 	  4.257 	  0.549 
1248444265.013 	  72 	  4.276 	  0.549 
1248444265.242 	  72 	  4.273 	  0.549 
1248444265.469 	  72 	  4.264 	  0.549 
1248444265.696 	  72 	  4.264 	  0.549 
1248444265.922 	  36 	  3.768 	  0.239 
1248444266.148 	  36 	  3.720 	  0.282 
1248444266.603 	  36 	  3.628 	  0.383 
1248444266.830 	  36 	  3.511 	  0.440 
1248444267.059 	  36 	  3.499 	  0.446 
1248444267.287 	  36 	  3.499 	  0.446 
1248444267.748 	  16 	  3.499 	  0.403 
1248444267.977 	  36 	  3.499 	  0.449 
1248444268.208 	  36 	  3.472 	  0.449 
1248444268.436 	  36 	  3.463 	  0.453 
1248444268.663 	  36 	  3.503 	  0.433 
1248444269.116 	  36 	  3.584 	  0.363 
1248444269.345 	  36 	  3.584 	  0.339 
1248444269.810 	  16 	  3.584 	  0.289 
1248444269.810 	  36 	  3.628 	  0.339 
1248444270.040 	  16 	  3.616 	  0.279 
1248444270.040 	  36 	  3.628 	  0.326 
1248444270.272 	  16 	  3.587 	  0.261 
1248444270.272 	  36 	  3.628 	  0.314 
1248444270.504 	  16 	  3.623 	  0.264 
1248444270.505 	  36 	  3.623 	  0.314 
1248444270.741 	  36 	  3.631 	  0.309 
1248444270.974 	  36 	  3.611 	  0.311 
1248444271.210 	  36 	  3.599 	  0.311 
1248444271.463 	  36 	  3.603 	  0.311 
1248444271.694 	  36 	  3.620 	  0.311 
1248444271.931 	  16 	  3.584 	  0.243 
1248444271.932 	  36 	  3.628 	  0.292 
1248444272.165 	  16 	  3.628 	  0.185 
1248444272.165 	  36 	  3.674 	  0.230 
1248444272.397 	  72 	  4.142 	  0.572 
1248444272.630 	  72 	  4.157 	  0.569 
1248444272.864 	  72 	  4.142 	  0.563 
1248444273.107 	  16 	  3.638 	  0.142 
1248444273.107 	  36 	  3.674 	  0.189 
1248444273.108 	  72 	  4.142 	  0.563 
1248444273.342 	  16 	  3.639 	  0.142 
1248444273.343 	  36 	  3.679 	  0.190 
1248444273.343 	  72 	  4.142 	  0.563 
1248444273.571 	  16 	  3.647 	  0.145 
1248444273.572 	  36 	  3.679 	  0.190 
1248444273.572 	  72 	  4.142 	  0.565 
1248444273.810 	   9 	  3.584 	  0.110 
1248444273.810 	  16 	  3.663 	  0.145 
1248444273.810 	  36 	  3.685 	  0.191 
1248444273.810 	  72 	  4.142 	  0.566 
1248444274.040 	  16 	  3.628 	  0.144 
1248444274.041 	  36 	  3.674 	  0.197 
1248444274.270 	  16 	  3.631 	  0.139 
1248444274.270 	  36 	  3.679 	  0.193 
1248444274.270 	  72 	  4.113 	  0.567 
1248444274.498 	  36 	  3.674 	  0.189 
1248444274.498 	  72 	  4.142 	  0.565 
1248444274.727 	  16 	  3.590 	  0.144 
1248444274.728 	  36 	  3.674 	  0.196 
1248444274.728 	  72 	  4.084 	  0.570 
1248444274.967 	  16 	  3.613 	  0.146 
1248444274.967 	  36 	  3.661 	  0.195 
1248444274.968 	  72 	  4.084 	  0.570 
1248444275.453 	  16 	  3.584 	  0.145 
1248444275.453 	  36 	  3.637 	  0.193 
1248444275.453 	  72 	  4.084 	  0.572 
1248444275.692 	  16 	  3.628 	  0.144 
1248444275.692 	  36 	  3.649 	  0.192 
1248444275.693 	  72 	  4.084 	  0.568 
1248444275.934 	  16 	  3.589 	  0.143 
1248444275.934 	  36 	  3.631 	  0.192 
1248444276.176 	  16 	  3.590 	  0.145 
1248444276.177 	  36 	  3.633 	  0.191 
1248444276.420 	  72 	  4.084 	  0.568 
1248444276.659 	  16 	  3.606 	  0.143 
1248444276.659 	  36 	  3.637 	  0.191 
1248444276.659 	  72 	  4.084 	  0.568 
1248444277.607 	  16 	  3.572 	  0.148 
1248444277.607 	  36 	  3.591 	  0.196 
1248444278.074 	  16 	  3.541 	  0.147 
1248444278.074 	  36 	  3.584 	  0.209 
1248444278.534 	  16 	  3.511 	  0.143 
1248444278.534 	  36 	  3.545 	  0.196 
1248444278.767 	  16 	  3.490 	  0.144 
1248444278.767 	  36 	  3.541 	  0.196 
1248444279.005 	  16 	  3.476 	  0.146 
1248444279.006 	  36 	  3.509 	  0.198 
1248444279.744 	  16 	  3.458 	  0.138 
1248444279.744 	  36 	  3.499 	  0.195 
1248444280.696 	  36 	  3.458 	  0.072 
1248444281.850 	  72 	  4.393 	  0.223 
1248444282.073 	  72 	  4.393 	  0.173 
1248444282.797 	  25 	  4.393 	  0.076 
1248444283.254 	  25 	  4.393 	 -0.039 
1248444288.731 	   5 	  3.267 	  0.296 
1248444288.960 	   5 	  3.303 	  0.267 
1248444289.646 	   5 	  3.379 	  0.187 
1248444290.105 	   5 	  3.418 	  0.122 
1248444290.335 	   5 	  3.418 	  0.062 
1248444290.564 	   5 	  3.458 	  0.044 
1248444290.793 	   5 	  3.458 	  0.020 
1248444291.023 	   5 	  3.490 	  0.005 
1248444291.250 	   5 	  3.499 	 -0.013 
1248444291.479 	   5 	  3.458 	 -0.012 
1248444291.707 	   5 	  3.458 	 -0.005 
1248444291.930 	   5 	  3.458 	  0.021 
1248444292.153 	   5 	  3.499 	  0.001 
1248444292.378 	   5 	  3.499 	 -0.001 
1248444292.608 	   5 	  3.536 	 -0.005 
1248444292.840 	   5 	  3.541 	 -0.010 
1248444293.071 	   5 	  3.513 	 -0.013 
1248444293.306 	   5 	  3.541 	 -0.015 
1248444293.767 	   5 	  3.584 	  0.020 
1248444293.998 	   5 	  3.541 	  0.034 
1248444294.230 	   5 	  3.553 	  0.058 
1248444294.460 	   5 	  3.541 	  0.079 
1248444294.920 	   5 	  3.552 	  0.113 
1248444295.153 	   5 	  3.541 	  0.144 
1248444295.385 	   5 	  3.565 	  0.155 
1248444295.618 	   5 	  3.541 	  0.172 
1248444295.852 	   5 	  3.541 	  0.186 
1248444296.084 	   5 	  3.568 	  0.192 
1248444296.316 	   5 	  3.520 	  0.206 
1248444296.549 	   5 	  3.584 	  0.210 
1248444296.782 	   5 	  3.550 	  0.209 
1248444297.011 	   5 	  3.541 	  0.208 
1248444297.239 	   5 	  3.541 	  0.228 
1248444297.463 	   5 	  3.584 	  0.224 
1248444297.698 	   5 	  3.499 	  0.231 
1248444297.933 	   5 	  3.541 	  0.222 
1248444298.163 	   5 	  3.541 	  0.226 
1248444298.857 	   5 	  3.499 	  0.279 
1248444301.400 	   5 	  3.438 	  0.252 
1248444303.697 	   5 	  3.340 	  0.223 
1248444304.395 	   5 	  3.340 	  0.214 
1248444304.861 	   5 	  3.303 	  0.215 
1248444305.558 	   5 	  3.245 	  0.210 
1248444306.009 	   5 	  3.231 	  0.200 
1248444306.703 	   5 	  3.231 	  0.197 
1248444307.163 	   5 	  3.231 	  0.184 
1248444307.394 	   5 	  3.231 	  0.187 
1248444307.628 	   5 	  3.231 	  0.179 
1248444309.265 	   5 	  3.162 	  0.150 
1248444310.201 	   5 	  3.129 	  0.138 
1248444310.434 	   5 	  3.115 	  0.139 
1248444311.355 	   5 	  3.033 	  0.139 
1248444312.049 	   5 	  2.999 	  0.129 
1248444312.513 	   5 	  2.973 	  0.119 
1248444313.211 	   5 	  2.934 	  0.102 
1248444313.679 	   5 	  2.887 	  0.098 
1248444314.177 	   5 	  2.884 	  0.091 
1248444314.657 	   5 	  2.859 	  0.085 
1248444315.165 	   5 	  2.859 	  0.076 
1248444315.404 	   5 	  2.832 	  0.072 
1248444315.643 	   5 	  2.859 	  0.071 
1248444334.962 	   7 	  6.782 	  0.037 
1248444336.202 	   7 	  6.782 	 -0.042 
1248444336.708 	   7 	  6.624 	 -0.038 
1248444337.678 	  81 	  6.473 	 -0.073 
1248444337.678 	   7 	  6.473 	 -0.047 
1248444339.835 	  45 	  6.191 	  0.237 
1248444340.084 	  45 	  6.329 	  0.236 
1248444340.837 	  23 	  1.194 	  0.338 
1248444341.315 	   7 	  6.473 	 -0.088 
1248444341.315 	  50 	  6.329 	  0.237 
1248444341.551 	   7 	  6.473 	 -0.068 
1248444341.791 	  23 	  1.232 	  0.376 
1248444342.032 	  41 	  6.948 	  0.286 
1248444342.032 	  23 	  1.246 	  0.372 
1248444342.272 	  50 	  6.329 	  0.271 
1248444342.511 	  50 	  6.329 	  0.270 
1248444342.752 	  81 	  6.473 	 -0.083 
1248444342.752 	   7 	  6.473 	 -0.053 
1248444342.752 	  23 	  1.302 	  0.371 
1248444342.992 	  81 	  6.473 	 -0.081 
1248444342.993 	   7 	  6.473 	 -0.058 
1248444342.993 	  23 	  1.324 	  0.371 
1248444343.234 	  23 	  1.334 	  0.366 
1248444343.473 	  23 	  1.356 	  0.363 
1248444343.713 	   7 	  6.473 	 -0.053 
1248444343.713 	  23 	  1.369 	  0.363 
1248444343.713 	  54 	  4.202 	  0.446 
1248444343.962 	   7 	  6.473 	 -0.053 
1248444343.962 	  23 	  1.384 	  0.359 
1248444343.962 	  54 	  4.142 	  0.447 
1248444344.200 	   7 	  6.329 	 -0.056 
1248444344.200 	  23 	  1.403 	  0.359 
1248444344.200 	  54 	  4.142 	  0.446 
1248444344.441 	   7 	  6.624 	 -0.053 
1248444344.441 	  23 	  1.416 	  0.358 
1248444344.442 	  54 	  4.152 	  0.449 
1248444344.680 	   7 	  6.624 	 -0.051 
1248444344.681 	  23 	  1.438 	  0.355 
1248444344.681 	  54 	  4.152 	  0.448 
1248444344.918 	  23 	  1.451 	  0.351 
1248444344.918 	  54 	  4.172 	  0.447 
1248444345.158 	  23 	  1.460 	  0.351 
1248444345.159 	  54 	  4.142 	  0.447 
1248444345.397 	   7 	  6.329 	 -0.053 
1248444345.397 	  23 	  1.477 	  0.352 
1248444345.634 	   7 	  6.523 	 -0.053 
1248444345.634 	  23 	  1.493 	  0.350 
1248444345.873 	   7 	  6.548 	 -0.052 
1248444345.874 	  23 	  1.511 	  0.351 
1248444346.112 	   7 	  6.473 	 -0.051 
1248444346.112 	  23 	  1.534 	  0.348 
1248444346.814 	  81 	  6.329 	 -0.072 
1248444346.814 	   7 	  6.329 	 -0.045 
1248444347.053 	  54 	  4.142 	  0.451 
1248444348.951 	  23 	  1.510 	  0.393 
1248444350.370 	  23 	  1.503 	  0.398 
1248444350.842 	  70 	  6.060 	  0.260 
1248444350.842 	  45 	  5.933 	  0.283 
1248444350.842 	  23 	  1.510 	  0.393 
1248444350.842 	  54 	  3.919 	  0.460 
1248444351.332 	  23 	  1.519 	  0.388 
1248444351.580 	  23 	  1.517 	  0.393 
1248444351.823 	  45 	  5.813 	  0.286 
1248444351.823 	  23 	  1.515 	  0.401 
1248444352.526 	  23 	  1.520 	  0.401 
1248444352.762 	  54 	  3.768 	  0.474 
1248444352.997 	  54 	  3.736 	  0.470 
1248444353.234 	  23 	  1.507 	  0.420 
1248444353.467 	  54 	  3.720 	  0.459 
1248444353.700 	  54 	  3.720 	  0.464 
1248444353.933 	  23 	  1.517 	  0.421 
1248444354.164 	  23 	  1.514 	  0.421 
1248444354.631 	  14 	  3.768 	  0.388 
1248444354.631 	  54 	  3.674 	  0.474 
1248444355.565 	  45 	  5.585 	  0.275 
1248444355.565 	  54 	  3.628 	  0.478 
1248444355.798 	  23 	  1.510 	  0.442 
1248444356.497 	  23 	  1.522 	  0.435 
1248444357.199 	  23 	  1.517 	  0.449 
1248444357.433 	  23 	  1.526 	  0.429 
1248444357.667 	  23 	  1.531 	  0.422 
1248444358.135 	  23 	  1.532 	  0.429 
1248444358.368 	  23 	  1.534 	  0.439 
1248444358.602 	  45 	  5.410 	  0.252 
1248444358.602 	  23 	  1.530 	  0.439 
1248444358.835 	  23 	  1.526 	  0.443 
1248444359.068 	  23 	  1.531 	  0.448 
1248444359.533 	  23 	  1.526 	  0.449 
1248444359.766 	  23 	  1.524 	  0.446 
1248444360.697 	  70 	  5.479 	  0.202 
1248444360.697 	  23 	  1.531 	  0.454 
1248444361.850 	  23 	  1.531 	  0.473 
1248444362.753 	  23 	  1.573 	  0.450 
1248444362.980 	  23 	  1.592 	  0.448 
1248444363.210 	  23 	  1.608 	  0.446 
1248444363.438 	  23 	  1.620 	  0.445 
1248444363.665 	  23 	  1.642 	  0.442 
1248444363.892 	  23 	  1.654 	  0.441 
1248444364.118 	  23 	  1.664 	  0.440 
1248444364.346 	  45 	  5.182 	  0.232 
1248444364.346 	  23 	  1.679 	  0.438 
1248444364.572 	  23 	  1.697 	  0.436 
1248444364.799 	  23 	  1.716 	  0.435 
1248444365.026 	  45 	  5.182 	  0.232 
1248444365.026 	  23 	  1.730 	  0.434 
1248444365.253 	  23 	  1.742 	  0.433 
1248444365.486 	  70 	  5.376 	  0.191 
1248444365.486 	  45 	  5.182 	  0.232 
1248444365.486 	  23 	  1.766 	  0.431 
1248444365.721 	  23 	  1.780 	  0.430 
1248444365.963 	  70 	  5.376 	  0.191 
1248444365.963 	  45 	  5.182 	  0.232 
1248444365.963 	  23 	  1.791 	  0.430 
1248444366.212 	  70 	  5.376 	  0.191 
1248444366.212 	  45 	  5.182 	  0.232 
1248444366.212 	  23 	  1.815 	  0.428 
1248444366.452 	  70 	  5.376 	  0.191 
1248444366.452 	  45 	  5.182 	  0.232 
1248444366.452 	  23 	  1.829 	  0.427 
1248444366.691 	  70 	  5.376 	  0.191 
1248444366.691 	  45 	  5.182 	  0.232 
1248444366.691 	  23 	  1.848 	  0.426 
1248444366.944 	  70 	  5.376 	  0.191 
1248444366.944 	  23 	  1.863 	  0.424 
1248444367.174 	  23 	  1.881 	  0.423 
1248444367.403 	  23 	  1.891 	  0.422 
1248444367.633 	  23 	  1.899 	  0.425 
1248444367.890 	  70 	  5.376 	  0.192 
1248444367.890 	  45 	  5.182 	  0.232 
1248444367.890 	  23 	  1.916 	  0.426 
1248444368.160 	  23 	  1.924 	  0.427 
1248444368.671 	  23 	  1.919 	  0.444 
1248444369.369 	  23 	  1.915 	  0.468 
1248444369.619 	  45 	  5.182 	  0.231 
1248444369.620 	  23 	  1.930 	  0.461 
1248444370.121 	  18 	  3.196 	  0.392 
1248444370.121 	  23 	  1.900 	  0.479 
1248444370.590 	  70 	  5.182 	  0.188 
1248444370.590 	  18 	  3.200 	  0.376 
1248444370.590 	  23 	  1.903 	  0.485 
1248444370.840 	  18 	  3.172 	  0.384 
1248444370.840 	  23 	  1.887 	  0.497 
1248444371.069 	  18 	  3.168 	  0.388 
1248444371.069 	  23 	  1.876 	  0.506 
1248444372.237 	  45 	  5.090 	  0.224 
1248444372.237 	  23 	  1.859 	  0.548 
1248444372.464 	  70 	  5.182 	  0.192 
1248444372.464 	  45 	  5.001 	  0.225 
1248444372.464 	  18 	  3.129 	  0.387 
1248444372.464 	  54 	  3.040 	  0.478 
1248444372.464 	  23 	  1.850 	  0.551 
1248444372.716 	  70 	  5.090 	  0.199 
1248444372.716 	  45 	  5.001 	  0.224 
1248444372.716 	  18 	  3.090 	  0.396 
1248444372.716 	  54 	  2.997 	  0.484 
1248444372.717 	  23 	  1.829 	  0.565 
1248444372.967 	  23 	  1.826 	  0.566 
1248444373.303 	  70 	  5.182 	  0.177 
1248444373.303 	  23 	  1.819 	  0.571 
1248444373.548 	  18 	  3.042 	  0.384 
1248444373.548 	  54 	  2.978 	  0.475 
1248444374.272 	  18 	  3.033 	  0.371 
1248444374.976 	  45 	  4.916 	  0.207 
1248444374.976 	  54 	  2.885 	  0.486 
1248444375.212 	  18 	  2.946 	  0.377 
1248444375.212 	  54 	  2.881 	  0.469 
1248444375.920 	  70 	  4.916 	  0.163 
1248444376.156 	  70 	  4.916 	  0.164 
1248444376.156 	  45 	  4.754 	  0.202 
1248444376.156 	  18 	  2.878 	  0.384 
1248444376.156 	  54 	  2.826 	  0.469 
1248444376.410 	  18 	  2.866 	  0.377 
1248444376.410 	  54 	  2.817 	  0.476 
1248444376.675 	  70 	  4.842 	  0.157 
1248444376.675 	  45 	  4.754 	  0.195 
1248444376.675 	  18 	  2.845 	  0.380 
1248444376.676 	  54 	  2.793 	  0.478 
1248444376.916 	  18 	  2.832 	  0.403 
1248444377.147 	  18 	  2.822 	  0.381 
1248444377.147 	  54 	  2.766 	  0.475 
1248444377.409 	  18 	  2.810 	  0.375 
1248444377.409 	  54 	  2.730 	  0.486 
1248444377.912 	  70 	  4.773 	  0.147 
1248444377.912 	  45 	  4.677 	  0.184 
1248444377.912 	  18 	  2.766 	  0.381 
1248444377.912 	  54 	  2.717 	  0.480 
1248444378.164 	  70 	  4.793 	  0.151 
1248444378.164 	  18 	  2.745 	  0.395 
1248444378.165 	  54 	  2.681 	  0.500 
1248444378.425 	  18 	  2.720 	  0.386 
1248444378.425 	  54 	  2.681 	  0.489 
1248444378.670 	  54 	  2.657 	  0.495 
1248444378.899 	  18 	  2.712 	  0.374 
1248444378.899 	  54 	  2.652 	  0.476 
1248444379.624 	  18 	  2.698 	  0.373 
1248444379.624 	  54 	  2.638 	  0.478 
1248444379.873 	  18 	  2.684 	  0.377 
1248444379.873 	  54 	  2.618 	  0.482 
1248444380.609 	  45 	  4.530 	  0.164 
1248444381.101 	  18 	  2.598 	  0.363 
1248444381.345 	  18 	  2.580 	  0.369 
1248444381.345 	  54 	  2.546 	  0.474 
1248444382.062 	  18 	  2.530 	  0.376 
1248444382.062 	  54 	  2.481 	  0.485 
1248444382.753 	  45 	  4.393 	  0.139 
1248444382.984 	  18 	  2.476 	  0.365 
1248444382.984 	  54 	  2.434 	  0.475 
1248444383.452 	  45 	  4.332 	  0.129 
1248444383.452 	  54 	  2.413 	  0.475 
1248444383.683 	  18 	  2.434 	  0.361 
1248444383.683 	  54 	  2.401 	  0.471 
1248444383.914 	  54 	  2.386 	  0.495 
1248444384.144 	  18 	  2.409 	  0.367 
1248444384.144 	  54 	  2.368 	  0.481 
1248444384.375 	  70 	  4.333 	  0.093 
1248444384.375 	  54 	  2.347 	  0.486 
1248444384.607 	  18 	  2.361 	  0.376 
1248444384.607 	  54 	  2.327 	  0.490 
1248444384.837 	  18 	  2.350 	  0.388 
1248444384.837 	  54 	  2.314 	  0.500 
1248444385.070 	  18 	  2.353 	  0.365 
1248444385.531 	  18 	  2.296 	  0.383 
1248444385.531 	  54 	  2.264 	  0.503 
1248444385.764 	  54 	  2.263 	  0.487 
1248444386.226 	  45 	  4.172 	  0.098 
1248444386.458 	  18 	  2.257 	  0.362 
1248444386.458 	  54 	  2.227 	  0.484 
1248444386.688 	  70 	  4.202 	  0.053 
1248444386.922 	  45 	  4.084 	  0.096 
1248444386.922 	  54 	  2.211 	  0.472 
1248444387.383 	  54 	  2.156 	  0.495 
1248444387.845 	  18 	  2.168 	  0.348 
1248444388.077 	  18 	  2.153 	  0.362 
1248444388.309 	  54 	  2.115 	  0.501 
1248444388.540 	  18 	  2.122 	  0.368 
1248444388.540 	  54 	  2.097 	  0.493 
1248444388.772 	  18 	  2.094 	  0.384 
1248444389.003 	  54 	  2.065 	  0.487 
1248444389.237 	  18 	  2.078 	  0.357 
1248444389.237 	  54 	  2.063 	  0.485 
1248444389.701 	  45 	  3.919 	  0.049 
1248444389.932 	  45 	  3.919 	  0.050 
1248444390.394 	  45 	  3.868 	  0.047 
1248444390.627 	  70 	  3.950 	  0.009 
1248444390.627 	  54 	  1.990 	  0.490 
1248444390.859 	  54 	  1.961 	  0.500 
1248444391.322 	  54 	  1.951 	  0.500 
1248444391.555 	  54 	  1.936 	  0.505 
1248444391.789 	  54 	  1.913 	  0.510 
1248444392.022 	  18 	  1.918 	  0.374 
1248444392.022 	  54 	  1.911 	  0.502 
1248444392.487 	  18 	  1.903 	  0.374 
1248444392.487 	  54 	  1.895 	  0.508 
1248444392.942 	  18 	  1.889 	  0.379 
1248444392.942 	  54 	  1.875 	  0.520 
1248444393.177 	  70 	  3.798 	  0.011 
1248444393.177 	  45 	  3.762 	  0.058 
1248444393.177 	  18 	  1.873 	  0.384 
1248444393.177 	  54 	  1.872 	  0.523 
1248444393.415 	  70 	  3.851 	  0.005 
1248444393.415 	  45 	  3.768 	  0.058 
1248444393.416 	  18 	  1.869 	  0.384 
1248444393.416 	  54 	  1.864 	  0.522 
1248444393.654 	  70 	  3.768 	  0.008 
1248444393.654 	  45 	  3.720 	  0.061 
1248444393.654 	  18 	  1.861 	  0.390 
1248444393.654 	  54 	  1.846 	  0.528 
1248444393.894 	  18 	  1.870 	  0.383 
1248444393.894 	  54 	  1.868 	  0.509 
1248444394.139 	  18 	  1.851 	  0.376 
1248444394.139 	  54 	  1.852 	  0.514 
1248444394.380 	  70 	  3.791 	  0.010 
1248444394.380 	  45 	  3.711 	  0.058 
1248444394.380 	  18 	  1.844 	  0.387 
1248444394.380 	  54 	  1.845 	  0.532 
1248444394.617 	  18 	  1.825 	  0.395 
1248444394.617 	  54 	  1.816 	  0.536 
1248444395.089 	  70 	  3.756 	 -0.016 
1248444395.090 	  45 	  3.674 	  0.034 
1248444395.090 	  18 	  1.817 	  0.372 
1248444395.090 	  54 	  1.820 	  0.504 
1248444395.572 	  70 	  3.720 	 -0.032 
1248444395.573 	  45 	  3.662 	  0.026 
1248444395.830 	  70 	  3.768 	 -0.024 
1248444395.830 	  45 	  3.689 	  0.018 
1248444395.830 	  18 	  1.814 	  0.368 
1248444395.830 	  54 	  1.823 	  0.500 
1248444396.071 	  18 	  1.815 	  0.366 
1248444396.071 	  54 	  1.814 	  0.508 
1248444396.339 	  18 	  1.813 	  0.368 
1248444396.339 	  54 	  1.816 	  0.500 
1248444396.644 	  18 	  1.808 	  0.368 
1248444396.644 	  54 	  1.811 	  0.510 
1248444396.887 	  45 	  3.674 	 -0.003 
1248444397.126 	  70 	  3.720 	 -0.070 
1248444397.126 	  18 	  1.799 	  0.332 
1248444397.126 	  54 	  1.801 	  0.484 
1248444397.595 	  18 	  1.837 	  0.205 
1248444397.595 	  54 	  1.870 	  0.356 
1248444397.835 	  18 	  1.841 	  0.121 
1248444397.835 	  54 	  1.905 	  0.268 
1248444398.321 	  54 	  1.927 	  0.215 
1248444398.566 	  54 	  1.877 	  0.245 
1248444398.811 	  54 	  1.875 	  0.227 
1248444399.058 	  18 	  1.772 	  0.092 
1248444399.058 	  54 	  1.844 	  0.247 
1248444399.562 	  18 	  1.733 	  0.060 
1248444399.563 	  54 	  1.819 	  0.213 
1248444399.808 	  27 	  1.963 	  0.053 
1248444399.808 	  54 	  1.821 	  0.168 
1248444400.054 	  54 	  1.819 	  0.142 
1248444400.299 	  54 	  1.788 	  0.141 
1248444400.544 	  54 	  1.775 	  0.166 
1248444400.811 	  18 	  1.654 	 -0.024 
1248444400.811 	  27 	  1.895 	  0.018 
1248444400.811 	  54 	  1.754 	  0.139 
1248444401.052 	  18 	  1.638 	 -0.043 
1248444401.052 	  27 	  1.878 	 -0.012 
1248444401.053 	  54 	  1.744 	  0.113 
1248444401.533 	  27 	  1.859 	 -0.024 
1248444401.533 	  54 	  1.726 	  0.096 
1248444402.016 	  18 	  1.561 	 -0.079 
1248444402.016 	  27 	  1.803 	 -0.049 
1248444402.016 	  54 	  1.676 	  0.077 
1248444402.257 	  18 	  1.557 	 -0.073 
1248444402.257 	  27 	  1.793 	 -0.049 
1248444402.257 	  54 	  1.664 	  0.077 
1248444402.497 	  18 	  1.533 	 -0.079 
1248444402.497 	  27 	  1.767 	 -0.054 
1248444402.497 	  54 	  1.645 	  0.077 
1248444402.774 	  54 	  1.629 	  0.067 
1248444403.022 	  54 	  1.603 	  0.085 
1248444403.345 	  54 	  1.592 	  0.082 
1248444403.576 	  54 	  1.580 	  0.076 
1248444404.072 	  27 	  1.657 	 -0.078 
1248444404.072 	  54 	  1.539 	  0.062 
1248444404.321 	  54 	  1.510 	  0.051 
1248444404.569 	  54 	  1.512 	 -0.004 
1248444404.817 	  54 	  1.503 	 -0.092 
1248444435.559 	  41 	  2.681 	 -0.032 
1248444436.024 	  41 	  2.625 	 -0.003 
1248444436.256 	  41 	  2.589 	 -0.004 
1248444436.721 	  41 	  2.525 	 -0.010 
1248444436.721 	  61 	  3.817 	  0.008 
1248444437.891 	  61 	  3.720 	  0.005 
1248444438.359 	  61 	  3.674 	  0.000 
1248444438.590 	  61 	  3.674 	 -0.005 
1248444438.822 	  61 	  3.674 	 -0.008 
1248444516.867 	  72 	  1.583 	  0.203 
1248444517.343 	  25 	  1.364 	  0.359 
1248444517.572 	  25 	  1.364 	  0.361 
1248444517.804 	  25 	  1.345 	  0.365 
1248444518.043 	  25 	  1.325 	  0.375 
1248444518.282 	  72 	  1.485 	  0.314 
1248444518.752 	  25 	  1.278 	  0.401 
1248444518.985 	  25 	  1.263 	  0.412 
1248444519.216 	  72 	  1.439 	  0.324 
1248444519.446 	  72 	  1.421 	  0.326 
1248444519.677 	  25 	  1.233 	  0.414 
1248444519.917 	  72 	  1.406 	  0.326 
1248444519.918 	  25 	  1.229 	  0.405 
1248444520.158 	  72 	  1.365 	  0.349 
1248444520.158 	  25 	  1.197 	  0.421 
1248444520.861 	  72 	  1.337 	  0.353 
1248444520.861 	  25 	  1.178 	  0.425 
1248444521.557 	  72 	  1.310 	  0.367 
1248444521.790 	  72 	  1.321 	  0.349 
1248444522.027 	  72 	  1.289 	  0.374 
1248444522.550 	  72 	  1.277 	  0.370 
1248444522.821 	  72 	  1.288 	  0.366 
1248444523.063 	  72 	  1.274 	  0.374 
1248444523.543 	  72 	  1.212 	  0.431 
1248444524.041 	  36 	  2.463 	 -0.245 
1248444524.283 	  36 	  2.471 	 -0.178 
1248444524.523 	   9 	  2.780 	 -0.202 
1248444524.523 	  36 	  2.473 	 -0.133 
1248444524.792 	  36 	  2.496 	 -0.066 
1248444525.065 	  36 	  2.474 	 -0.010 
1248444525.318 	   9 	  2.775 	 -0.030 
1248444525.319 	  16 	  2.614 	  0.007 
1248444525.319 	  36 	  2.449 	  0.047 
1248444525.559 	   9 	  2.737 	  0.008 
1248444525.559 	  16 	  2.576 	  0.045 
1248444525.559 	  36 	  2.425 	  0.087 
1248444525.792 	   9 	  2.731 	  0.013 
1248444525.793 	  16 	  2.570 	  0.049 
1248444525.793 	  36 	  2.407 	  0.090 
1248444526.033 	   9 	  2.712 	  0.017 
1248444526.034 	  16 	  2.550 	  0.053 
1248444526.034 	  36 	  2.397 	  0.093 
1248444526.273 	   9 	  2.705 	  0.014 
1248444526.273 	  16 	  2.549 	  0.053 
1248444526.273 	  36 	  2.381 	  0.094 
1248444526.513 	   9 	  2.707 	  0.010 
1248444526.513 	  16 	  2.540 	  0.047 
1248444526.513 	  36 	  2.386 	  0.089 
1248444526.752 	   9 	  2.681 	  0.020 
1248444526.752 	  16 	  2.515 	  0.053 
1248444526.752 	  36 	  2.355 	  0.095 
1248444526.991 	   9 	  2.668 	  0.015 
1248444526.991 	  16 	  2.516 	  0.054 
1248444526.991 	  36 	  2.349 	  0.096 
1248444527.233 	   9 	  2.654 	  0.018 
1248444527.233 	  16 	  2.492 	  0.057 
1248444527.233 	  36 	  2.325 	  0.100 
1248444527.472 	   9 	  2.637 	  0.032 
1248444527.472 	  36 	  2.312 	  0.111 
1248444527.711 	  16 	  2.493 	  0.051 
1248444527.711 	  36 	  2.323 	  0.096 
1248444527.947 	   9 	  2.614 	  0.034 
1248444527.947 	  16 	  2.450 	  0.065 
1248444527.947 	  36 	  2.287 	  0.111 
1248444528.418 	   9 	  2.583 	  0.022 
1248444528.418 	  16 	  2.426 	  0.063 
1248444528.418 	  36 	  2.256 	  0.108 
1248444528.655 	   9 	  2.568 	  0.019 
1248444528.655 	  16 	  2.419 	  0.058 
1248444528.655 	  36 	  2.251 	  0.103 
1248444528.895 	   9 	  2.552 	  0.020 
1248444528.895 	  16 	  2.394 	  0.059 
1248444528.895 	  36 	  2.236 	  0.104 
1248444529.134 	   9 	  2.546 	  0.005 
1248444529.134 	  16 	  2.389 	  0.060 
1248444529.134 	  36 	  2.222 	  0.106 
1248444529.373 	   9 	  2.533 	  0.016 
1248444529.374 	  16 	  2.372 	  0.058 
1248444529.374 	  36 	  2.207 	  0.102 
1248444529.611 	  16 	  2.356 	  0.057 
1248444529.611 	  36 	  2.195 	  0.101 
1248444529.853 	   9 	  2.500 	  0.018 
1248444529.853 	  16 	  2.344 	  0.059 
1248444529.853 	  36 	  2.178 	  0.105 
1248444530.087 	   9 	  2.493 	  0.014 
1248444530.087 	  16 	  2.337 	  0.058 
1248444530.087 	  36 	  2.174 	  0.103 
1248444530.317 	  36 	  2.164 	  0.103 
1248444530.546 	  36 	  2.146 	  0.109 
1248444530.780 	  36 	  2.138 	  0.111 
1248444531.017 	  36 	  2.124 	  0.119 
1248444531.254 	  36 	  2.127 	  0.114 
1248444531.489 	  36 	  2.101 	  0.117 
1248444531.724 	  16 	  2.262 	  0.070 
1248444531.724 	  36 	  2.098 	  0.117 
1248444531.958 	  36 	  2.089 	  0.119 
1248444532.195 	  36 	  2.075 	  0.117 
1248444532.428 	  36 	  2.064 	  0.118 
1248444532.658 	  16 	  2.218 	  0.069 
1248444532.658 	  36 	  2.048 	  0.118 
1248444532.893 	  36 	  2.040 	  0.119 
1248444533.135 	   9 	  2.346 	  0.026 
1248444533.135 	  16 	  2.192 	  0.071 
1248444533.135 	  36 	  2.031 	  0.121 
1248444533.377 	   9 	  2.339 	  0.027 
1248444533.378 	  16 	  2.189 	  0.072 
1248444533.378 	  36 	  2.020 	  0.122 
1248444533.621 	   9 	  2.334 	  0.028 
1248444533.621 	  16 	  2.179 	  0.073 
1248444533.621 	  36 	  2.016 	  0.122 
1248444533.862 	   9 	  2.320 	  0.026 
1248444533.862 	  16 	  2.161 	  0.072 
1248444533.862 	  36 	  2.005 	  0.122 
1248444534.105 	   9 	  2.305 	  0.026 
1248444534.105 	  16 	  2.152 	  0.070 
1248444534.105 	  36 	  1.984 	  0.120 
1248444534.342 	   9 	  2.298 	  0.029 
1248444534.342 	  16 	  2.144 	  0.071 
1248444534.342 	  36 	  1.977 	  0.121 
1248444534.578 	   9 	  2.289 	  0.021 
1248444534.578 	  16 	  2.131 	  0.068 
1248444534.578 	  36 	  1.970 	  0.118 
1248444534.818 	   9 	  2.284 	  0.022 
1248444534.818 	  16 	  2.129 	  0.066 
1248444534.818 	  36 	  1.967 	  0.118 
1248444535.058 	   9 	  2.271 	  0.024 
1248444535.058 	  16 	  2.117 	  0.068 
1248444535.059 	  36 	  1.956 	  0.120 
1248444535.294 	   9 	  2.260 	  0.026 
1248444535.294 	  16 	  2.104 	  0.074 
1248444535.294 	  36 	  1.937 	  0.126 
1248444535.535 	   9 	  2.248 	  0.027 
1248444535.535 	  16 	  2.092 	  0.075 
1248444535.535 	  36 	  1.933 	  0.126 
1248444535.784 	  36 	  1.917 	  0.128 
1248444536.045 	   9 	  2.229 	  0.032 
1248444536.045 	  16 	  2.074 	  0.079 
1248444536.045 	  36 	  1.911 	  0.131 
1248444536.284 	   9 	  2.235 	  0.015 
1248444536.284 	  16 	  2.070 	  0.081 
1248444536.284 	  36 	  1.907 	  0.131 
1248444536.522 	   9 	  2.210 	  0.026 
1248444536.522 	  16 	  2.059 	  0.074 
1248444536.523 	  36 	  1.894 	  0.126 
1248444536.763 	   9 	  2.196 	  0.032 
1248444536.763 	  16 	  2.044 	  0.077 
1248444536.763 	  36 	  1.885 	  0.130 
1248444537.003 	   9 	  2.192 	  0.036 
1248444537.004 	  16 	  2.037 	  0.083 
1248444537.004 	  36 	  1.872 	  0.137 
1248444537.243 	   9 	  2.185 	  0.029 
1248444537.243 	  16 	  2.029 	  0.077 
1248444537.243 	  36 	  1.864 	  0.132 
1248444537.482 	   9 	  2.168 	  0.028 
1248444537.483 	  16 	  2.017 	  0.077 
1248444537.483 	  36 	  1.854 	  0.131 
1248444537.724 	   9 	  2.161 	  0.030 
1248444537.724 	  16 	  2.009 	  0.081 
1248444537.724 	  36 	  1.844 	  0.135 
1248444537.962 	   9 	  2.151 	  0.034 
1248444537.962 	  16 	  2.000 	  0.083 
1248444537.962 	  36 	  1.835 	  0.138 
1248444538.199 	   9 	  2.155 	  0.026 
1248444538.199 	  16 	  2.001 	  0.077 
1248444538.199 	  36 	  1.836 	  0.130 
1248444538.894 	   9 	  2.099 	  0.034 
1248444538.894 	  16 	  1.946 	  0.080 
1248444538.894 	  36 	  1.786 	  0.136 
1248444539.133 	  16 	  1.958 	  0.082 
1248444539.133 	  36 	  1.783 	  0.139 
1248444539.372 	  16 	  1.939 	  0.074 
1248444539.372 	  36 	  1.770 	  0.139 
1248444539.606 	   9 	  2.082 	  0.032 
1248444539.606 	  16 	  1.927 	  0.084 
1248444539.606 	  36 	  1.762 	  0.141 
1248444539.840 	   9 	  2.053 	  0.104 
1248444539.840 	  36 	  1.722 	  0.214 
1248444540.315 	   9 	  2.014 	  0.205 
1248444540.315 	  16 	  1.848 	  0.258 
1248444540.315 	  36 	  1.675 	  0.315 
1248444540.552 	   9 	  1.999 	  0.215 
1248444540.552 	  16 	  1.830 	  0.270 
1248444540.552 	  36 	  1.652 	  0.330 
1248444540.791 	   9 	  1.993 	  0.207 
1248444540.791 	  16 	  1.823 	  0.270 
1248444540.791 	  36 	  1.646 	  0.324 
1248444541.036 	   9 	  1.963 	  0.218 
1248444541.036 	  16 	  1.793 	  0.273 
1248444541.036 	  36 	  1.622 	  0.336 
1248444541.270 	   9 	  1.944 	  0.221 
1248444541.270 	  16 	  1.780 	  0.274 
1248444541.271 	  36 	  1.609 	  0.332 
1248444541.500 	   9 	  1.954 	  0.214 
1248444541.500 	  16 	  1.782 	  0.274 
1248444541.500 	  36 	  1.607 	  0.333 
1248444541.751 	   9 	  1.920 	  0.222 
1248444541.751 	  16 	  1.754 	  0.279 
1248444541.751 	  36 	  1.584 	  0.341 
1248444541.983 	   9 	  1.871 	  0.312 
1248444541.983 	  16 	  1.690 	  0.378 
1248444541.983 	  36 	  1.520 	  0.431 
1248444542.223 	   9 	  1.838 	  0.379 
1248444542.223 	  16 	  1.663 	  0.439 
1248444542.223 	  36 	  1.479 	  0.501 
1248444542.461 	   9 	  1.817 	  0.400 
1248444542.462 	  16 	  1.637 	  0.461 
1248444542.462 	  36 	  1.462 	  0.524 
1248444542.703 	   9 	  1.830 	  0.384 
1248444542.703 	  16 	  1.646 	  0.454 
1248444542.703 	  36 	  1.479 	  0.503 
1248444542.944 	  36 	  1.435 	  0.530 
1248444543.421 	  36 	  1.406 	  0.537 
1248444543.656 	  36 	  1.393 	  0.544 
1248444543.893 	  16 	  1.601 	  0.467 
1248444543.893 	  36 	  1.426 	  0.520 
1248444544.129 	  36 	  1.368 	  0.547 
1248444544.365 	  36 	  1.343 	  0.557 
1248444544.596 	  16 	  1.482 	  0.546 
1248444545.067 	  16 	  1.470 	  0.571 
1248444545.304 	   9 	  1.639 	  0.505 
1248444545.535 	   9 	  1.579 	  0.536 
1248444545.766 	   9 	  1.557 	  0.542 
1248444546.000 	   9 	  1.542 	  0.557 
1248444592.723 	  54 	  5.126 	  0.111 
1248444592.723 	  41 	  3.830 	  0.168 
1248444593.206 	  23 	  4.327 	 -0.165 
1248444593.206 	  41 	  3.768 	  0.190 
1248444593.456 	  18 	  5.277 	  0.088 
1248444593.456 	  27 	  5.277 	  0.113 
1248444593.456 	  54 	  5.182 	  0.128 
1248444593.696 	  18 	  5.182 	  0.078 
1248444593.696 	  27 	  5.277 	  0.110 
1248444593.696 	  54 	  5.001 	  0.135 
1248444593.696 	  41 	  3.756 	  0.189 
1248444593.960 	  27 	  5.376 	  0.106 
1248444593.960 	  54 	  5.090 	  0.130 
1248444594.208 	  18 	  5.135 	  0.163 
1248444594.208 	  41 	  3.655 	  0.266 
1248444594.701 	  18 	  5.045 	  0.165 
1248444594.701 	  41 	  3.584 	  0.272 
1248444595.192 	  18 	  5.090 	  0.165 
1248444595.192 	  41 	  3.537 	  0.272 
1248444595.436 	  54 	  4.833 	  0.289 
1248444595.933 	  54 	  4.765 	  0.311 
1248444596.184 	  23 	  4.142 	 -0.001 
1248444596.185 	  14 	  3.473 	  0.091 
1248444596.185 	  18 	  4.916 	  0.257 
1248444596.185 	  54 	  4.754 	  0.312 
1248444596.185 	  41 	  3.357 	  0.364 
1248444596.676 	  27 	  4.833 	  0.379 
1248444596.676 	  41 	  3.196 	  0.456 
1248444596.911 	  18 	  4.754 	  0.357 
1248444596.911 	  41 	  3.167 	  0.462 
1248444597.147 	  54 	  4.602 	  0.404 
1248444597.382 	  14 	  3.271 	  0.175 
1248444597.382 	  41 	  3.129 	  0.465 
1248444597.851 	  14 	  3.196 	  0.237 
1248444597.851 	  27 	  4.677 	  0.464 
1248444598.089 	   7 	  7.123 	  0.121 
1248444598.089 	  41 	  2.944 	  0.548 
1248444598.324 	  14 	  3.162 	  0.246 
1248444598.556 	  41 	  2.915 	  0.564 
1248444598.790 	  14 	  3.033 	  0.286 
1248444599.024 	  23 	  3.919 	  0.275 
1248444599.024 	  54 	  4.142 	  0.545 
1248444599.259 	  14 	  2.980 	  0.306 
1248444599.259 	  54 	  4.142 	  0.571 
1248444599.493 	  18 	  4.264 	  0.548 
1248444599.726 	  14 	  2.887 	  0.345 
1248444599.726 	  18 	  4.162 	  0.565 
1248444599.960 	  14 	  2.884 	  0.348 
1248444600.195 	  14 	  2.815 	  0.361 
1248444600.431 	  14 	  2.762 	  0.380 
1248444600.664 	  14 	  2.740 	  0.383 
1248444600.924 	  14 	  2.705 	  0.385 
1248444600.924 	  23 	  3.674 	  0.435 
1248444602.173 	  14 	  2.592 	  0.359 
1248444602.562 	  23 	  3.584 	  0.448 
1248444602.849 	  14 	  2.504 	  0.349 
1248444603.572 	  14 	  2.424 	  0.320 
1248444603.807 	  14 	  2.386 	  0.319 
1248444603.807 	  45 	  5.585 	  0.572 
1248444604.044 	   7 	  6.624 	  0.251 
1248444604.044 	  14 	  2.368 	  0.325 
1248444604.045 	  70 	  5.697 	  0.563 
1248444604.282 	  14 	  2.332 	  0.324 
1248444604.282 	  70 	  5.585 	  0.570 
1248444604.527 	  70 	  5.697 	  0.565 
1248444604.761 	  14 	  2.285 	  0.305 
1248444604.996 	  70 	  5.585 	  0.562 
1248444605.227 	  14 	  2.242 	  0.295 
1248444605.461 	  14 	  2.218 	  0.290 
1248444605.694 	  14 	  2.185 	  0.288 
1248444605.928 	  14 	  2.159 	  0.285 
1248444605.928 	  70 	  5.585 	  0.559 
1248444606.162 	  45 	  5.479 	  0.572 
1248444606.866 	  45 	  5.479 	  0.567 
1248444607.100 	  70 	  5.585 	  0.554 
1248444607.816 	  14 	  1.989 	  0.228 
1248444607.816 	  45 	  5.479 	  0.553 
1248444608.054 	  45 	  5.376 	  0.553 
1248444608.287 	  70 	  5.585 	  0.531 
1248444608.287 	  45 	  5.376 	  0.555 
1248444608.522 	  70 	  5.585 	  0.527 
1248444608.522 	  45 	  5.376 	  0.552 
1248444608.762 	  45 	  5.376 	  0.557 
1248444608.994 	  18 	  3.817 	  0.510 
1248444609.455 	  41 	  1.927 	  0.571 
1248444609.685 	  18 	  4.142 	  0.234 
1248444609.913 	  41 	  2.053 	  0.376 
1248444610.142 	  41 	  2.080 	  0.297 
1248444610.387 	  18 	  4.202 	 -0.043 
1248444610.634 	  41 	  2.084 	  0.121 
1248444610.879 	  41 	  2.079 	  0.064 
1248444611.368 	  41 	  2.013 	 -0.061 
1248444611.877 	  41 	  1.951 	 -0.174 
1248444660.119 	  18 	  2.386 	 -0.049 
1248444660.119 	  54 	  2.221 	  0.063 
1248444660.823 	  54 	  2.202 	  0.113 
1248444661.049 	  54 	  2.195 	  0.114 
1248444661.277 	  54 	  2.190 	  0.119 
1248444661.733 	  54 	  2.170 	  0.109 
1248444661.969 	  54 	  2.176 	  0.112 
1248444662.207 	  18 	  2.332 	  0.003 
1248444662.207 	  54 	  2.175 	  0.109 
1248444662.207 	  45 	  4.142 	  0.154 
1248444662.656 	  18 	  2.315 	  0.033 
1248444662.656 	  27 	  2.424 	  0.122 
1248444662.656 	  54 	  2.154 	  0.150 
1248444662.884 	  54 	  2.141 	  0.172 
1248444663.835 	  54 	  2.087 	  0.239 
1248444664.065 	  54 	  2.083 	  0.237 
1248444664.292 	  27 	  2.348 	  0.208 
1248444664.292 	  54 	  2.078 	  0.239 
1248444664.519 	  54 	  2.082 	  0.239 
1248444664.749 	  18 	  2.246 	  0.146 
1248444664.749 	  54 	  2.060 	  0.273 
1248444665.214 	  54 	  2.011 	  0.327 
1248444665.438 	  54 	  2.026 	  0.259 
1248444665.662 	  54 	  2.053 	  0.179 
1248444665.886 	  54 	  2.060 	  0.095 
1248444706.874 	  16 	  4.530 	  0.350 
1248444706.874 	  36 	  4.460 	  0.384 
1248444707.109 	  16 	  4.438 	  0.356 
1248444707.109 	  36 	  4.393 	  0.397 
1248444707.346 	  16 	  4.415 	  0.364 
1248444707.347 	  36 	  4.426 	  0.391 
1248444707.577 	   9 	  4.393 	  0.322 
1248444707.577 	  16 	  4.495 	  0.347 
1248444707.577 	  36 	  4.460 	  0.389 
1248444708.268 	   9 	  4.530 	  0.172 
1248444708.268 	  16 	  4.614 	  0.207 
1248444708.268 	  36 	  4.677 	  0.252 
1248444708.269 	  72 	  5.001 	  0.555 
1248444708.504 	  16 	  4.622 	  0.208 
1248444708.504 	  36 	  4.677 	  0.251 
1248444708.504 	  72 	  5.019 	  0.553 
1248444708.735 	   9 	  4.530 	  0.175 
1248444708.735 	  16 	  4.602 	  0.210 
1248444708.735 	  36 	  4.677 	  0.248 
1248444708.735 	  72 	  5.001 	  0.552 
1248444708.966 	  16 	  4.607 	  0.207 
1248444708.967 	  36 	  4.677 	  0.249 
1248444708.967 	  72 	  5.001 	  0.552 
1248444709.426 	  16 	  4.617 	  0.149 
1248444709.426 	  36 	  4.677 	  0.187 
1248444709.426 	  72 	  5.182 	  0.495 
1248444709.426 	  25 	  5.090 	  0.526 
1248444709.881 	  16 	  4.677 	  0.076 
1248444709.881 	  36 	  4.754 	  0.113 
1248444710.576 	  72 	  5.585 	  0.275 
1248444710.576 	  61 	  3.683 	  0.420 
1248444710.808 	  72 	  5.585 	  0.277 
1248444710.808 	  25 	  5.479 	  0.312 
1248444711.042 	  72 	  5.561 	  0.277 
1248444711.042 	  90 	  3.768 	  0.451 
1248444711.271 	  72 	  5.585 	  0.271 
1248444711.506 	  72 	  5.576 	  0.275 
1248444711.506 	  90 	  3.768 	  0.448 
1248444711.965 	  25 	  5.479 	  0.309 
1248444712.432 	  16 	  4.602 	 -0.076 
1248444712.432 	  25 	  5.479 	  0.306 
1248444712.669 	  16 	  4.602 	 -0.084 
1248444712.670 	  36 	  4.677 	 -0.043 
1248444712.670 	  72 	  5.549 	  0.270 
1248444712.670 	  25 	  5.479 	  0.297 
1248444712.670 	  61 	  3.635 	  0.417 
1248444712.670 	  90 	  3.720 	  0.443 
1248444712.906 	  72 	  5.585 	  0.262 
1248444712.906 	  61 	  3.628 	  0.416 
1248444713.164 	  16 	  4.602 	 -0.086 
1248444713.164 	  72 	  5.489 	  0.266 
1248444713.164 	  25 	  5.479 	  0.301 
1248444713.392 	  36 	  4.677 	 -0.044 
1248444713.620 	  16 	  4.530 	 -0.089 
1248444713.620 	  36 	  4.677 	 -0.043 
1248444713.620 	  72 	  5.479 	  0.269 
1248444713.620 	  25 	  5.479 	  0.302 
1248444713.621 	  61 	  3.584 	  0.418 
1248444713.854 	  36 	  4.602 	 -0.051 
1248444713.854 	  72 	  5.376 	  0.268 
1248444713.854 	  25 	  5.376 	  0.302 
1248444714.315 	  16 	  4.530 	 -0.077 
1248444714.315 	  72 	  5.479 	  0.274 
1248444714.776 	  72 	  5.468 	  0.273 
1248444714.776 	  25 	  5.376 	  0.309 
1248444715.240 	  72 	  5.376 	  0.273 
1248444715.469 	  72 	  5.376 	  0.275 
1248444715.698 	  72 	  5.376 	  0.277 
1248444715.935 	  72 	  5.353 	  0.279 
1248444715.935 	  25 	  5.277 	  0.315 
1248444716.407 	  36 	  4.460 	 -0.048 
1248444716.407 	  25 	  5.277 	  0.304 
1248444717.108 	  25 	  5.277 	  0.315 
1248444717.588 	  25 	  5.182 	  0.308 
1248444717.838 	  72 	  5.277 	  0.276 
1248444717.838 	  25 	  5.182 	  0.307 
1248444718.076 	  72 	  5.277 	  0.275 
1248444718.312 	  25 	  5.182 	  0.312 
1248444718.541 	  72 	  5.245 	  0.275 
1248444718.541 	  25 	  5.182 	  0.306 
1248444718.774 	  72 	  5.182 	  0.279 
1248444718.774 	  25 	  5.182 	  0.317 
1248444719.007 	  16 	  4.217 	 -0.098 
1248444719.007 	  36 	  4.327 	 -0.058 
1248444719.007 	  72 	  5.182 	  0.280 
1248444719.007 	  25 	  5.120 	  0.316 
1248444719.947 	  36 	  4.285 	 -0.047 
1248444719.947 	  61 	  3.238 	  0.453 
1248444720.177 	  72 	  5.099 	  0.285 
1248444720.177 	  25 	  5.090 	  0.320 
1248444720.668 	  36 	  4.264 	 -0.050 
1248444720.668 	  72 	  5.182 	  0.282 
1248444720.668 	  25 	  5.126 	  0.320 
1248444720.904 	  16 	  4.158 	 -0.100 
1248444720.905 	  36 	  4.264 	 -0.060 
1248444720.905 	  72 	  5.175 	  0.283 
1248444720.905 	  25 	  5.090 	  0.312 
1248444720.905 	  61 	  3.245 	  0.449 
1248444720.905 	  90 	  3.340 	  0.488 
1248444721.623 	  72 	  5.182 	  0.283 
1248444721.855 	  25 	  5.090 	  0.311 
1248444721.855 	  23 	  4.028 	  0.569 
1248444722.085 	  23 	  4.028 	  0.565 
1248444722.563 	  16 	  4.096 	 -0.100 
1248444722.563 	  36 	  4.202 	 -0.053 
1248444722.563 	  72 	  5.090 	  0.287 
1248444722.563 	  23 	  4.028 	  0.570 
1248444723.032 	  16 	  4.084 	 -0.103 
1248444723.032 	  36 	  4.202 	 -0.065 
1248444723.032 	  72 	  5.082 	  0.285 
1248444723.269 	  16 	  4.084 	 -0.106 
1248444723.269 	  36 	  4.202 	 -0.049 
1248444723.269 	  72 	  5.045 	  0.285 
1248444723.269 	  25 	  5.011 	  0.323 
1248444723.503 	  25 	  5.001 	  0.319 
1248444723.503 	  23 	  4.028 	  0.558 
1248444723.733 	  72 	  5.082 	  0.287 
1248444723.733 	  23 	  4.028 	  0.555 
1248444723.963 	  72 	  5.035 	  0.288 
1248444723.963 	  23 	  4.070 	  0.550 
1248444724.215 	  72 	  5.090 	  0.288 
1248444724.215 	  23 	  4.084 	  0.548 
1248444724.672 	  36 	  4.142 	 -0.057 
1248444724.672 	  72 	  5.077 	  0.287 
1248444724.672 	  25 	  5.001 	  0.319 
1248444724.672 	  23 	  4.084 	  0.542 
1248444724.918 	  72 	  5.060 	  0.282 
1248444725.174 	  72 	  5.001 	  0.288 
1248444725.174 	  23 	  4.084 	  0.534 
1248444726.133 	  16 	  4.020 	 -0.101 
1248444726.134 	  36 	  4.084 	 -0.049 
1248444726.134 	  72 	  4.926 	  0.293 
1248444726.134 	  25 	  4.916 	  0.329 
1248444726.134 	  23 	  4.028 	  0.533 
1248444726.604 	  25 	  4.916 	  0.332 
1248444734.362 	  14 	  3.070 	  0.422 
1248444734.362 	  63 	  4.677 	  0.571 
1248444734.812 	  14 	  2.973 	  0.493 
1248444735.037 	  14 	  2.870 	  0.567 
1248444757.963 	   5 	  2.504 	 -0.136 
1248444758.196 	   5 	  2.504 	 -0.156 
1248444758.430 	   5 	  2.504 	 -0.151 
1248444758.657 	   5 	  2.525 	 -0.120 
1248444759.336 	   5 	  2.555 	  0.014 
1248444760.019 	   5 	  2.555 	 -0.160 
1248444760.248 	   5 	  2.546 	 -0.149 
1248444760.498 	   5 	  2.550 	 -0.143 
1248444760.730 	   5 	  2.554 	 -0.138 
1248444761.625 	   5 	  2.546 	  0.087 
1248444761.852 	   5 	  2.525 	  0.180 
1248444762.313 	   5 	  2.443 	  0.303 
1248444762.551 	   5 	  2.368 	  0.396 
1248444763.571 	   5 	  2.457 	  0.186 
1248444763.826 	   5 	  2.443 	  0.208 
1248444764.727 	   5 	  2.280 	  0.441 
1248444765.410 	  25 	  4.677 	 -0.099 
1248444765.638 	  61 	  2.806 	  0.035 
1248444765.870 	  25 	  4.677 	  0.014 
1248444766.099 	  25 	  4.677 	  0.011 
1248444766.558 	  25 	  4.707 	  0.028 
1248444766.558 	  90 	  2.955 	  0.135 
1248444766.784 	  61 	  2.806 	  0.077 
1248444767.243 	  25 	  4.677 	 -0.059 
1248444767.699 	  61 	  2.780 	  0.049 
1248444767.699 	  90 	  2.944 	  0.088 
1248444767.929 	  72 	  4.754 	 -0.003 
1248444767.929 	  25 	  4.677 	  0.038 
1248444768.155 	  72 	  4.677 	  0.058 
1248444768.610 	  25 	  4.559 	  0.178 
1248444768.610 	  90 	  2.832 	  0.284 
1248444768.839 	  61 	  2.657 	  0.295 
1248444769.071 	  25 	  4.530 	  0.249 
1248444769.071 	  90 	  2.780 	  0.365 
1248444769.302 	  25 	  4.530 	  0.258 
1248444769.530 	  61 	  2.631 	  0.328 
1248444769.759 	  72 	  4.530 	  0.220 
1248444769.759 	  61 	  2.624 	  0.327 
1248444769.987 	  25 	  4.460 	  0.264 
1248444769.987 	  61 	  2.613 	  0.323 
1248444770.221 	  90 	  2.708 	  0.374 
1248444770.455 	  25 	  4.460 	  0.269 
1248444770.455 	  61 	  2.599 	  0.324 
1248444770.689 	  25 	  4.453 	  0.275 
1248444770.689 	  61 	  2.589 	  0.339 
1248444770.922 	  61 	  2.560 	  0.363 
1248444771.155 	  61 	  2.504 	  0.425 
1248444771.623 	  23 	  2.616 	  0.086 
1248444771.623 	  61 	  2.512 	  0.417 
1248444772.091 	  72 	  4.327 	  0.316 
1248444772.091 	  61 	  2.477 	  0.429 
1248444772.793 	  23 	  2.493 	  0.143 
1248444772.793 	  90 	  2.504 	  0.523 
1248444773.028 	  72 	  4.327 	  0.368 
1248444773.028 	  61 	  2.419 	  0.466 
1248444773.270 	  72 	  4.327 	  0.372 
1248444773.270 	  61 	  2.393 	  0.476 
1248444773.501 	  23 	  2.424 	  0.178 
1248444773.501 	  61 	  2.360 	  0.503 
1248444773.736 	  23 	  2.391 	  0.191 
1248444773.736 	  90 	  2.411 	  0.570 
1248444773.966 	  72 	  4.202 	  0.405 
1248444773.966 	  61 	  2.332 	  0.515 
1248444774.667 	  36 	  3.775 	 -0.029 
1248444774.667 	  61 	  2.310 	  0.528 
1248444774.902 	  23 	  2.269 	  0.216 
1248444775.138 	  23 	  2.230 	  0.244 
1248444775.138 	  61 	  2.230 	  0.570 
1248444775.372 	  23 	  2.189 	  0.297 
1248444775.372 	  25 	  3.885 	  0.542 
1248444775.609 	  23 	  2.175 	  0.299 
1248444775.609 	  25 	  3.868 	  0.544 
1248444775.847 	  23 	  2.138 	  0.308 
1248444775.847 	  72 	  3.973 	  0.509 
1248444776.085 	  16 	  3.692 	  0.007 
1248444776.085 	  25 	  3.868 	  0.545 
1248444776.321 	  72 	  3.973 	  0.500 
1248444776.557 	  36 	  3.706 	  0.059 
1248444776.558 	  25 	  3.817 	  0.555 
1248444777.030 	  36 	  3.697 	  0.058 
1248444777.030 	  25 	  3.791 	  0.553 
1248444777.267 	  23 	  1.979 	  0.329 
1248444777.268 	  25 	  3.817 	  0.550 
1248444777.505 	  36 	  3.648 	  0.059 
1248444777.505 	  25 	  3.768 	  0.555 
1248444777.744 	   9 	  3.584 	 -0.032 
1248444777.744 	  16 	  3.628 	  0.009 
1248444777.744 	  36 	  3.643 	  0.061 
1248444777.744 	  23 	  1.918 	  0.346 
1248444777.744 	  72 	  3.880 	  0.517 
1248444777.744 	  25 	  3.768 	  0.557 
1248444777.990 	  23 	  1.867 	  0.355 
1248444777.990 	  25 	  3.768 	  0.562 
1248444778.474 	  23 	  1.808 	  0.373 
1248444778.474 	  25 	  3.724 	  0.565 
1248444778.705 	  23 	  1.781 	  0.376 
1248444778.705 	  72 	  3.868 	  0.518 
1248444778.951 	   9 	  3.541 	 -0.030 
1248444778.951 	  25 	  3.720 	  0.568 
1248444779.197 	  36 	  3.569 	  0.066 
1248444779.197 	  25 	  3.720 	  0.571 
1248444779.678 	  16 	  3.524 	  0.055 
1248444779.678 	  36 	  3.534 	  0.111 
1248444779.678 	  72 	  3.713 	  0.569 
1248444779.920 	   9 	  3.458 	  0.013 
1248444779.921 	  16 	  3.489 	  0.056 
1248444779.921 	  36 	  3.513 	  0.111 
1248444779.921 	  23 	  1.603 	  0.459 
1248444779.921 	  72 	  3.667 	  0.569 
1248444780.160 	   9 	  3.458 	  0.016 
1248444780.160 	  16 	  3.497 	  0.058 
1248444780.160 	  36 	  3.501 	  0.112 
1248444780.160 	  23 	  1.552 	  0.472 
1248444780.161 	  72 	  3.674 	  0.571 
1248444780.401 	   9 	  3.431 	  0.014 
1248444780.402 	  16 	  3.481 	  0.058 
1248444780.402 	  36 	  3.476 	  0.113 
1248444780.402 	  23 	  1.527 	  0.480 
1248444780.641 	   9 	  3.418 	  0.013 
1248444780.641 	  16 	  3.468 	  0.057 
1248444780.641 	  36 	  3.474 	  0.111 
1248444780.642 	  23 	  1.509 	  0.484 
1248444781.113 	  16 	  3.453 	  0.080 
1248444781.113 	  36 	  3.446 	  0.137 
1248444781.349 	  36 	  3.425 	  0.152 
1248444781.349 	  23 	  1.385 	  0.552 
1248444781.604 	  23 	  1.384 	  0.550 
1248444782.077 	   9 	  3.351 	  0.048 
1248444782.077 	  16 	  3.383 	  0.101 
1248444782.077 	  36 	  3.383 	  0.158 
1248444782.077 	  23 	  1.324 	  0.568 
1248444782.310 	  16 	  3.379 	  0.102 
1248444782.310 	  36 	  3.384 	  0.158 
1248444782.310 	  23 	  1.313 	  0.571 
1248444782.551 	  36 	  3.357 	  0.163 
1248444782.794 	  36 	  3.347 	  0.158 
1248444783.037 	  36 	  3.346 	  0.160 
1248444783.592 	  16 	  3.328 	  0.070 
1248444783.834 	  36 	  3.317 	  0.115 
1248444783.834 	  23 	  1.255 	  0.564 
1248444784.072 	  23 	  1.251 	  0.565 
1248444784.309 	  16 	  3.267 	  0.055 
1248444784.309 	  23 	  1.237 	  0.569 
1248444784.547 	  36 	  3.270 	  0.112 
1248444785.019 	  36 	  3.250 	  0.113 
1248444785.256 	  16 	  3.243 	  0.044 
1248444785.493 	  36 	  3.208 	  0.117 
1248444785.730 	  36 	  3.233 	  0.113 
1248444785.965 	  36 	  3.185 	  0.121 
1248444787.365 	  36 	  3.111 	  0.122 
1248444787.841 	  16 	  3.084 	  0.059 
1248444788.078 	  36 	  3.084 	  0.123 
1248444788.310 	  36 	  3.075 	  0.122 
1248444788.543 	  36 	  3.066 	  0.122 
1248444788.781 	  36 	  3.059 	  0.126 
1248444789.015 	  36 	  3.040 	  0.121 
1248444789.711 	  36 	  3.003 	  0.134 
1248444790.176 	  16 	  2.940 	  0.189 
1248444790.411 	  36 	  2.859 	  0.315 
1248444790.642 	  36 	  2.817 	  0.351 
1248444790.876 	  16 	  2.780 	  0.363 
1248444790.876 	  36 	  2.730 	  0.425 
1248444791.109 	  36 	  2.711 	  0.450 
1248444791.348 	  36 	  2.662 	  0.478 
1248444792.347 	   9 	  2.659 	  0.354 
1248444792.347 	  36 	  2.596 	  0.485 
1248444792.604 	  36 	  2.571 	  0.494 
1248444792.852 	  36 	  2.566 	  0.493 
1248444793.190 	  16 	  2.601 	  0.427 
1248444793.190 	  36 	  2.550 	  0.495 
1248444793.436 	  36 	  2.537 	  0.495 
1248444794.161 	   9 	  2.567 	  0.353 
1248444794.161 	  16 	  2.551 	  0.433 
1248444794.161 	  36 	  2.502 	  0.496 
1248444794.639 	   9 	  2.546 	  0.359 
1248444794.639 	  16 	  2.529 	  0.432 
1248444794.640 	  36 	  2.483 	  0.506 
1248444794.878 	   9 	  2.483 	  0.390 
1248444794.878 	  16 	  2.483 	  0.462 
1248444795.354 	   9 	  2.470 	  0.372 
1248444795.354 	  16 	  2.448 	  0.452 
1248444795.355 	  36 	  2.405 	  0.529 
1248444795.593 	   9 	  2.443 	  0.399 
1248444795.593 	  16 	  2.433 	  0.453 
1248444795.593 	  36 	  2.389 	  0.526 
1248444796.063 	   9 	  2.424 	  0.388 
1248444796.063 	  16 	  2.404 	  0.457 
1248444796.063 	  36 	  2.353 	  0.533 
1248444796.539 	   9 	  2.411 	  0.392 
1248444796.539 	  16 	  2.398 	  0.461 
1248444796.539 	  36 	  2.353 	  0.534 
1248444796.780 	   9 	  2.390 	  0.399 
1248444796.780 	  16 	  2.394 	  0.461 
1248444796.780 	  36 	  2.342 	  0.535 
1248444797.022 	   9 	  2.385 	  0.390 
1248444797.022 	  16 	  2.369 	  0.459 
1248444797.022 	  36 	  2.320 	  0.534 
1248444797.263 	   9 	  2.362 	  0.399 
1248444797.263 	  16 	  2.346 	  0.467 
1248444797.263 	  36 	  2.302 	  0.540 
1248444797.504 	   9 	  2.339 	  0.399 
1248444797.504 	  16 	  2.336 	  0.468 
1248444797.504 	  36 	  2.284 	  0.542 
1248444797.747 	   9 	  2.327 	  0.401 
1248444797.747 	  16 	  2.321 	  0.470 
1248444797.747 	  36 	  2.273 	  0.545 
1248444798.672 	  36 	  2.230 	  0.551 
1248444798.905 	  36 	  2.230 	  0.551 
1248444799.139 	  36 	  2.206 	  0.558 
1248444799.372 	  36 	  2.243 	  0.505 
1248444800.309 	  16 	  2.326 	  0.318 
1248444800.777 	  16 	  2.337 	  0.249 
1248444801.008 	  36 	  2.324 	  0.314 
1248444801.241 	  16 	  2.350 	  0.171 
1248444801.474 	  36 	  2.347 	  0.238 
1248444802.401 	  16 	  2.280 	  0.016 
1248444802.868 	  36 	  2.311 	  0.068 
1248444803.101 	  36 	  2.297 	 -0.006 
1248444803.102 	  72 	  2.915 	  0.571 
1248444803.342 	  36 	  2.290 	 -0.019 
1248444803.342 	  72 	  2.934 	  0.556 
1248444803.578 	  36 	  2.265 	 -0.028 
1248444804.051 	  72 	  3.129 	  0.412 
1248444804.290 	  72 	  3.124 	  0.385 
1248444804.290 	  25 	  3.096 	  0.438 
1248444804.762 	  72 	  3.083 	  0.386 
1248444804.763 	  25 	  3.049 	  0.444 
1248444806.204 	  72 	  3.162 	  0.218 
1248444806.438 	  72 	  3.162 	  0.149 
1248444806.438 	  25 	  3.162 	  0.205 
1248444806.684 	  25 	  3.178 	  0.184 
1248444806.935 	  25 	  3.162 	  0.181 
1248444807.182 	  25 	  3.149 	  0.184 
1248444807.925 	  25 	  3.104 	  0.099 
1248444808.167 	  25 	  3.096 	  0.087 
1248444808.407 	  25 	  3.096 	  0.012 
1248444808.892 	  61 	  1.388 	  0.550 
1248444809.369 	  25 	  3.033 	 -0.039 
1248444810.338 	  90 	  1.538 	  0.452 
1248444810.819 	  61 	  1.352 	  0.438 
1248444814.036 	  25 	  2.754 	  0.084 
1248444814.709 	  72 	  2.657 	  0.157 
1248444814.933 	  25 	  2.611 	  0.286 
1248444815.614 	  72 	  2.574 	  0.277 
1248444815.841 	  25 	  2.546 	  0.363 
1248444816.744 	  72 	  2.550 	  0.285 
1248444818.792 	  72 	  2.492 	  0.295 
1248444818.792 	  25 	  2.478 	  0.372 
1248444819.019 	  25 	  2.481 	  0.373 
1248444819.693 	  25 	  2.424 	  0.383 
1248444820.145 	  25 	  2.405 	  0.383 
1248444820.598 	  25 	  2.389 	  0.384 
1248444820.828 	  72 	  2.409 	  0.299 
1248444821.053 	  25 	  2.389 	  0.380 
1248444821.504 	  25 	  2.388 	  0.379 
1248444822.409 	  25 	  2.332 	  0.387 
1248444823.567 	  72 	  2.287 	  0.321 
1248444823.567 	  25 	  2.263 	  0.409 
1248444824.029 	  72 	  2.287 	  0.324 
1248444824.029 	  25 	  2.265 	  0.401 
1248444824.254 	  72 	  2.271 	  0.323 
1248444824.480 	  72 	  2.277 	  0.325 
1248444824.480 	  25 	  2.263 	  0.411 
1248444824.707 	  72 	  2.265 	  0.325 
1248444824.707 	  25 	  2.233 	  0.411 
1248444824.937 	  72 	  2.258 	  0.329 
1248444824.937 	  25 	  2.234 	  0.408 
1248444825.166 	  72 	  2.250 	  0.324 
1248444825.166 	  25 	  2.230 	  0.416 
1248444825.396 	  72 	  2.254 	  0.327 
1248444825.626 	  72 	  2.249 	  0.326 
1248444825.626 	  25 	  2.223 	  0.412 
1248444825.856 	  25 	  2.226 	  0.411 
1248444826.092 	  25 	  2.230 	  0.411 
1248444826.317 	  25 	  2.227 	  0.412 
1248444826.546 	  25 	  2.231 	  0.412 
1248444826.774 	  25 	  2.224 	  0.412 
1248444827.001 	  72 	  2.239 	  0.323 
1248444827.454 	  25 	  2.214 	  0.416 
1248444827.684 	  72 	  2.234 	  0.329 
1248444827.685 	  25 	  2.219 	  0.412 
1248444827.919 	  72 	  2.227 	  0.328 
1248444827.919 	  25 	  2.214 	  0.412 
1248444828.147 	  72 	  2.228 	  0.327 
1248444828.147 	  25 	  2.203 	  0.413 
1248444828.373 	  72 	  2.232 	  0.328 
1248444828.373 	  25 	  2.208 	  0.414 
1248444828.599 	  72 	  2.231 	  0.329 
1248444828.600 	  25 	  2.214 	  0.411 
1248444828.835 	  72 	  2.219 	  0.324 
1248444828.836 	  25 	  2.198 	  0.418 
1248444829.062 	  72 	  2.213 	  0.333 
1248444829.062 	  25 	  2.197 	  0.416 
1248444829.291 	  72 	  2.212 	  0.335 
1248444829.291 	  25 	  2.189 	  0.427 
1248444829.748 	  72 	  2.197 	  0.332 
1248444829.748 	  25 	  2.176 	  0.423 
1248444829.978 	  72 	  2.183 	  0.333 
1248444829.978 	  25 	  2.160 	  0.422 
1248444830.207 	  72 	  2.183 	  0.349 
1248444830.434 	  72 	  2.187 	  0.330 
1248444830.664 	  72 	  2.177 	  0.332 
1248444830.894 	  72 	  2.172 	  0.331 
1248444830.894 	  25 	  2.154 	  0.419 
1248444831.121 	  72 	  2.169 	  0.338 
1248444831.121 	  25 	  2.146 	  0.422 
1248444831.809 	  72 	  2.143 	  0.339 
1248444831.809 	  25 	  2.124 	  0.429 
1248444832.039 	  72 	  2.141 	  0.338 
1248444832.039 	  25 	  2.121 	  0.431 
1248444832.269 	  72 	  2.131 	  0.345 
1248444832.269 	  25 	  2.111 	  0.431 
1248444832.499 	  72 	  2.131 	  0.339 
1248444832.499 	  25 	  2.120 	  0.435 
1248444832.731 	  72 	  2.127 	  0.342 
1248444832.731 	  25 	  2.104 	  0.436 
1248444832.966 	  25 	  2.111 	  0.432 
1248444833.200 	  25 	  2.109 	  0.431 
1248444833.426 	  25 	  2.115 	  0.431 
1248444833.651 	  25 	  2.106 	  0.431 
1248444833.883 	  25 	  2.093 	  0.435 
1248444834.109 	  25 	  2.082 	  0.435 
1248444835.236 	  25 	  2.014 	  0.453 
1248444835.693 	  72 	  2.031 	  0.355 
1248444835.924 	  72 	  2.030 	  0.362 
1248444836.161 	  72 	  2.028 	  0.362 
1248444836.620 	  72 	  2.022 	  0.359 
1248444836.620 	  25 	  2.002 	  0.453 
1248444838.003 	  72 	  1.844 	  0.538 
1248444874.330 	  54 	  5.479 	 -0.039 
1248444874.560 	  54 	  5.479 	 -0.040 
1248444874.794 	  18 	  5.585 	 -0.083 
1248444874.794 	  54 	  5.479 	 -0.039 
1248444875.035 	  18 	  5.585 	 -0.083 
1248444875.036 	  54 	  5.479 	 -0.039 
1248444875.523 	  54 	  5.479 	 -0.038 
1248444875.762 	  54 	  5.479 	 -0.028 
1248444876.008 	  54 	  5.479 	 -0.026 
1248444876.293 	  54 	  5.479 	 -0.039 
1248444878.644 	  18 	  4.916 	  0.502 
1248444878.875 	  18 	  4.916 	  0.512 
1248444879.595 	  18 	  5.182 	  0.352 
1248444880.573 	  23 	  5.182 	 -0.043 
1248444880.573 	  41 	  6.329 	  0.003 
1248444880.573 	  18 	  5.376 	  0.146 
1248444880.574 	  54 	  5.182 	  0.193 
1248444880.807 	  23 	  5.090 	 -0.043 
1248444880.807 	  54 	  5.182 	  0.194 
1248444881.520 	  54 	  5.090 	  0.199 
1248444882.049 	  18 	  5.182 	  0.153 
1248444882.771 	  23 	  4.833 	 -0.051 
1248444883.240 	  23 	  4.754 	 -0.055 
1248444883.240 	  41 	  6.236 	  0.003 
1248444883.240 	  18 	  5.182 	  0.148 
1248444883.241 	  70 	  7.123 	  0.179 
1248444883.241 	  27 	  5.277 	  0.194 
1248444883.241 	  54 	  5.001 	  0.202 
1248444883.489 	  18 	  5.182 	  0.151 
1248444883.489 	  54 	  5.001 	  0.196 
1248444883.750 	  23 	  4.744 	 -0.064 
1248444883.751 	  18 	  5.182 	  0.146 
1248444883.751 	  70 	  7.123 	  0.172 
1248444883.751 	  27 	  5.182 	  0.189 
1248444883.751 	  54 	  5.001 	  0.197 
1248444883.991 	  23 	  4.728 	 -0.065 
1248444883.991 	  41 	  6.329 	 -0.008 
1248444883.991 	  18 	  5.090 	  0.149 
1248444883.991 	  70 	  6.948 	  0.173 
1248444883.991 	  27 	  5.182 	  0.189 
1248444884.719 	  18 	  5.090 	  0.151 
1248444885.440 	  18 	  4.916 	  0.248 
1248444885.440 	  27 	  5.090 	  0.286 
1248444886.151 	  18 	  4.833 	  0.338 
1248444886.878 	  23 	  4.327 	  0.154 
1248444887.810 	  23 	  4.028 	  0.266 
1248444888.294 	  23 	  3.973 	  0.266 
1248444888.294 	  41 	  5.697 	  0.322 
1248444888.793 	  23 	  3.919 	  0.268 
1248444888.793 	  41 	  5.697 	  0.325 
1248444888.793 	  27 	  4.327 	  0.569 
1248444889.026 	  23 	  3.919 	  0.269 
1248444889.026 	  41 	  5.640 	  0.323 
1248444889.492 	  23 	  3.817 	  0.281 
1248444889.493 	  41 	  5.549 	  0.334 
1248444889.731 	  23 	  3.817 	  0.284 
1248444889.731 	  18 	  4.202 	  0.564 
1248444890.444 	  23 	  3.720 	  0.265 
1248444890.444 	  41 	  5.479 	  0.317 
1248444890.684 	  23 	  3.720 	  0.259 
1248444890.684 	  41 	  5.479 	  0.310 
1248444890.924 	  23 	  3.639 	  0.252 
1248444890.924 	  41 	  5.376 	  0.301 
1248444891.163 	  23 	  3.589 	  0.259 
1248444891.163 	  41 	  5.444 	  0.309 
1248444891.401 	  23 	  3.584 	  0.260 
1248444891.401 	  41 	  5.376 	  0.309 
1248444891.638 	  41 	  5.376 	  0.311 
1248444891.638 	  18 	  4.142 	  0.554 
1248444891.878 	  23 	  3.530 	  0.257 
1248444891.878 	  41 	  5.326 	  0.309 
1248444891.878 	  18 	  4.084 	  0.555 
1248444892.117 	  23 	  3.499 	  0.249 
1248444892.117 	  18 	  4.084 	  0.548 
1248444892.356 	  41 	  5.376 	  0.294 
1248444892.356 	  18 	  4.142 	  0.542 
1248444892.356 	  70 	  5.813 	  0.565 
1248444892.596 	  23 	  3.458 	  0.244 
1248444892.596 	  41 	  5.277 	  0.295 
1248444892.837 	  23 	  3.392 	  0.247 
1248444892.837 	  41 	  5.213 	  0.302 
1248444893.078 	  23 	  3.340 	  0.248 
1248444893.324 	  23 	  3.320 	  0.236 
1248444893.324 	  41 	  5.090 	  0.284 
1248444893.324 	  18 	  4.028 	  0.548 
1248444893.832 	  18 	  3.973 	  0.564 
1248444894.079 	  41 	  5.090 	  0.281 
1248444894.334 	  23 	  3.196 	  0.230 
1248444894.577 	  23 	  3.165 	  0.222 
1248444894.577 	  81 	  6.948 	  0.241 
1248444894.577 	  18 	  3.919 	  0.564 
1248444894.814 	  23 	  3.136 	  0.222 
1248444894.814 	  81 	  6.782 	  0.242 
1248444895.050 	  23 	  3.113 	  0.219 
1248444895.275 	  23 	  3.118 	  0.153 
1248444895.275 	  54 	  3.768 	  0.567 
1248444895.500 	  23 	  3.103 	  0.041 
1248444895.736 	  23 	  3.065 	 -0.010 
1248444896.227 	  54 	  4.142 	  0.278 
1248444896.711 	  54 	  4.295 	  0.161 
1248444897.186 	  18 	  4.393 	  0.045 
1248444897.187 	  54 	  4.239 	  0.121 
1248444897.423 	  45 	  6.191 	  0.075 
1248444897.423 	  54 	  4.202 	  0.121 
1248444897.659 	  45 	  6.191 	  0.070 
1248444897.659 	  54 	  4.233 	  0.118 
1248444898.365 	  54 	  4.142 	  0.119 
1248444898.843 	  54 	  4.142 	  0.113 
1248444899.330 	  18 	  4.222 	  0.048 
1248444899.330 	  54 	  4.084 	  0.124 
1248444899.563 	  54 	  4.084 	  0.128 
1248444900.029 	  54 	  4.084 	  0.122 
1248444900.950 	  54 	  3.973 	  0.124 
1248444901.418 	  54 	  3.973 	  0.122 
1248444901.653 	  54 	  3.973 	  0.130 
1248444902.349 	  54 	  3.821 	  0.219 
1248444902.580 	  54 	  3.817 	  0.227 
1248444903.046 	  54 	  3.712 	  0.339 
1248444904.232 	   7 	  6.329 	  0.001 
1248444904.232 	  54 	  3.584 	  0.399 
1248444904.482 	   7 	  6.329 	  0.003 
1248444904.482 	  54 	  3.563 	  0.412 
1248444904.955 	  54 	  3.428 	  0.487 
1248444905.193 	  81 	  6.329 	  0.056 
1248444905.193 	  54 	  3.384 	  0.500 
1248444905.428 	  54 	  3.270 	  0.564 
1248444905.668 	   7 	  6.191 	  0.180 
1248444905.668 	  27 	  3.470 	  0.567 
1248444905.905 	   7 	  6.191 	  0.207 
1248444906.141 	   7 	  6.191 	  0.220 
1248444906.380 	  23 	  1.791 	 -0.066 
1248444906.380 	  70 	  5.090 	  0.566 
1248444906.617 	  81 	  6.060 	  0.226 
1248444906.855 	  63 	  6.060 	  0.203 
1248444906.855 	   7 	  6.060 	  0.260 
1248444907.093 	  23 	  1.709 	 -0.051 
1248444907.328 	  81 	  6.060 	  0.237 
1248444908.024 	  81 	  6.060 	  0.229 
1248444908.261 	  41 	  3.720 	  0.081 
1248444908.497 	  41 	  3.720 	  0.079 
1248444908.734 	  41 	  3.674 	  0.071 
1248444908.971 	  81 	  6.060 	  0.222 
1248444909.440 	  63 	  5.813 	  0.210 
1248444909.938 	  41 	  3.499 	  0.038 
1248444910.174 	  41 	  3.499 	  0.035 
1248444910.882 	   7 	  5.813 	  0.248 
1248444911.114 	  18 	  3.065 	  0.565 
1248444911.349 	  54 	  2.985 	  0.567 
1248444911.814 	  54 	  3.204 	  0.377 
1248444912.046 	  54 	  3.267 	  0.308 
1248444912.281 	  54 	  3.267 	  0.267 
1248444912.514 	  54 	  3.340 	  0.186 
1248444912.749 	  18 	  3.432 	  0.057 
1248444912.749 	  54 	  3.310 	  0.141 
1248444912.982 	  27 	  3.584 	  0.063 
1248444912.982 	  54 	  3.340 	  0.098 
1248444913.454 	  54 	  3.347 	  0.062 
1248444913.939 	  54 	  3.303 	  0.051 
1248444914.173 	  54 	  3.303 	  0.055 
1248444914.645 	  54 	  3.238 	  0.058 
1248444915.824 	  27 	  3.434 	  0.028 
1248444915.824 	  54 	  3.196 	  0.068 
1248444916.060 	  54 	  3.196 	  0.055 
1248444916.297 	  54 	  3.162 	  0.054 
1248444916.770 	  27 	  3.340 	  0.016 
1248444916.770 	  54 	  3.125 	  0.056 
1248444917.005 	  54 	  3.084 	  0.072 
1248444917.240 	  27 	  3.294 	  0.109 
1248444917.240 	  54 	  3.059 	  0.146 
1248444917.477 	  54 	  3.039 	  0.150 
1248444917.710 	  18 	  3.129 	  0.087 
1248444918.425 	  54 	  2.907 	  0.294 
1248444918.925 	  54 	  2.850 	  0.339 
1248444919.167 	  54 	  2.754 	  0.412 
1248444919.883 	  18 	  2.780 	  0.423 
1248444919.883 	  54 	  2.606 	  0.522 
1248444920.119 	  81 	  5.479 	  0.037 
1248444920.119 	   7 	  5.376 	  0.073 
1248444920.836 	  63 	  5.277 	  0.022 
1248444920.836 	  81 	  5.376 	  0.052 
1248444920.836 	   7 	  5.376 	  0.086 
1248444920.836 	  18 	  2.605 	  0.530 
1248444921.073 	  63 	  5.277 	  0.053 
1248444921.073 	   7 	  5.277 	  0.118 
1248444921.073 	  18 	  2.550 	  0.564 
1248444921.311 	  63 	  5.277 	  0.111 
1248444921.311 	  81 	  5.376 	  0.143 
1248444921.311 	   7 	  5.277 	  0.182 
1248444921.549 	  63 	  5.277 	  0.114 
1248444921.549 	  81 	  5.376 	  0.148 
1248444921.549 	   7 	  5.277 	  0.181 
1248444922.025 	  63 	  5.182 	  0.163 
1248444922.025 	   7 	  5.182 	  0.228 
1248444922.264 	  63 	  5.182 	  0.170 
1248444922.264 	  81 	  5.269 	  0.202 
1248444922.264 	   7 	  5.182 	  0.236 
1248444922.504 	  63 	  5.090 	  0.181 
1248444922.504 	   7 	  5.090 	  0.251 
1248444922.744 	  63 	  5.096 	  0.181 
1248444922.744 	  81 	  5.245 	  0.212 
1248444922.744 	   7 	  5.105 	  0.247 
1248444922.980 	  63 	  5.090 	  0.175 
1248444923.457 	  63 	  5.083 	  0.173 
1248444923.457 	  81 	  5.182 	  0.205 
1248444923.457 	   7 	  5.090 	  0.241 
1248444923.691 	  81 	  5.182 	  0.212 
1248444923.929 	  63 	  5.001 	  0.184 
1248444923.929 	  81 	  5.151 	  0.212 
1248444923.929 	   7 	  5.001 	  0.251 
1248444924.167 	  63 	  5.001 	  0.179 
1248444924.167 	  81 	  5.147 	  0.208 
1248444924.167 	   7 	  5.009 	  0.244 
1248444924.406 	  63 	  5.001 	  0.171 
1248444924.406 	  81 	  5.090 	  0.195 
1248444924.406 	   7 	  5.001 	  0.236 
1248444924.641 	   7 	  5.019 	  0.231 
1248444924.874 	   7 	  5.001 	  0.231 
1248444925.341 	   7 	  4.916 	  0.224 
1248444925.576 	   7 	  4.916 	  0.234 
1248444925.813 	   7 	  4.916 	  0.233 
1248444926.047 	   7 	  4.916 	  0.234 
1248444926.282 	   7 	  4.916 	  0.232 
1248444926.515 	   7 	  4.833 	  0.230 
1248444926.747 	   7 	  4.916 	  0.234 
1248444927.447 	   7 	  4.833 	  0.219 
1248444927.913 	   7 	  4.833 	  0.186 
1248444928.137 	   7 	  4.833 	  0.119 
1248444928.364 	   7 	  4.833 	  0.043 
1248444928.364 	  45 	  3.955 	  0.525 
1248444928.821 	  54 	  2.178 	  0.565 
1248444929.050 	  54 	  2.234 	  0.508 
1248444929.512 	  18 	  2.393 	  0.286 
1248444929.512 	  54 	  2.289 	  0.408 
1248444929.742 	  18 	  2.416 	  0.234 
1248444929.974 	  18 	  2.410 	  0.234 
1248444929.974 	  54 	  2.304 	  0.361 
1248444930.206 	  45 	  4.327 	  0.146 
1248444930.438 	  54 	  2.268 	  0.368 
1248444931.592 	  18 	  2.289 	  0.254 
1248444931.592 	  54 	  2.190 	  0.385 
1248444931.823 	  18 	  2.280 	  0.242 
1248444932.056 	  45 	  4.169 	  0.162 
1248444932.056 	  54 	  2.175 	  0.373 
1248444932.292 	  54 	  2.153 	  0.379 
1248444932.761 	  45 	  4.142 	  0.150 
1248444932.761 	  54 	  2.117 	  0.393 
1248444933.226 	  18 	  2.178 	  0.264 
1248444933.226 	  54 	  2.085 	  0.402 
1248444933.908 	  18 	  2.141 	  0.273 
1248444933.908 	  54 	  2.037 	  0.412 
1248444934.588 	  18 	  2.130 	  0.262 
1248444934.816 	  70 	  4.164 	  0.134 
1248444934.816 	  45 	  4.031 	  0.171 
1248444934.816 	  18 	  2.114 	  0.278 
1248444934.816 	  54 	  2.014 	  0.420 
1248444935.046 	  18 	  2.101 	  0.294 
1248444935.721 	  54 	  1.892 	  0.554 
1248444935.946 	  18 	  1.951 	  0.494 
1248444936.406 	  18 	  1.874 	  0.561 
1248444936.648 	  18 	  1.887 	  0.560 
1248444937.107 	  70 	  3.817 	  0.425 
1248444937.107 	  45 	  3.674 	  0.465 
1248444937.107 	  18 	  1.848 	  0.564 
1248444937.340 	  63 	  4.327 	 -0.146 
1248444937.340 	  81 	  4.460 	 -0.107 
1248444937.340 	   7 	  4.415 	 -0.065 
1248444937.340 	  70 	  3.828 	  0.425 
1248444937.340 	  45 	  3.674 	  0.463 
1248444937.340 	  18 	  1.845 	  0.567 
1248444937.565 	  45 	  3.683 	  0.467 
1248444937.566 	  18 	  1.849 	  0.567 
1248444938.018 	  63 	  4.376 	 -0.006 
1248444938.018 	  81 	  4.460 	  0.032 
1248444938.018 	  70 	  3.541 	  0.568 
1248444938.701 	  63 	  4.327 	  0.087 
1248444938.701 	  81 	  4.460 	  0.122 
1248444938.701 	   7 	  4.327 	  0.166 
1248444938.928 	  63 	  4.313 	  0.085 
1248444938.928 	  81 	  4.349 	  0.122 
1248444938.928 	   7 	  4.327 	  0.164 
1248444939.155 	  63 	  4.264 	  0.089 
1248444939.155 	  81 	  4.388 	  0.126 
1248444939.155 	   7 	  4.285 	  0.168 
1248444939.385 	  63 	  4.327 	  0.088 
1248444939.385 	  81 	  4.460 	  0.128 
1248444939.385 	   7 	  4.327 	  0.170 
1248444939.615 	  63 	  4.202 	  0.098 
1248444939.615 	  81 	  4.327 	  0.123 
1248444939.615 	   7 	  4.327 	  0.180 
1248444939.844 	  63 	  4.202 	  0.085 
1248444939.844 	  81 	  4.327 	  0.124 
1248444939.844 	   7 	  4.285 	  0.167 
1248444940.073 	  63 	  4.239 	  0.087 
1248444940.073 	  81 	  4.327 	  0.125 
1248444940.074 	   7 	  4.264 	  0.170 
1248444940.544 	   7 	  4.251 	  0.175 
1248444940.778 	  63 	  4.202 	  0.102 
1248444940.778 	  81 	  4.327 	  0.140 
1248444940.779 	   7 	  4.202 	  0.173 
1248444941.007 	  63 	  4.147 	  0.111 
1248444941.008 	  81 	  4.264 	  0.151 
1248444941.008 	   7 	  4.248 	  0.193 
1248444941.465 	  63 	  4.147 	  0.120 
1248444941.465 	  81 	  4.264 	  0.152 
1248444941.700 	  63 	  4.142 	  0.126 
1248444941.700 	  81 	  4.264 	  0.164 
1248444941.701 	   7 	  4.162 	  0.210 
1248444941.930 	  63 	  4.119 	  0.135 
1248444941.930 	  81 	  4.233 	  0.173 
1248444941.930 	   7 	  4.097 	  0.216 
1248444942.627 	  63 	  4.084 	  0.135 
1248444942.628 	  81 	  4.211 	  0.173 
1248444942.628 	   7 	  4.154 	  0.218 
1248444942.859 	  63 	  4.142 	  0.133 
1248444942.859 	  81 	  4.243 	  0.171 
1248444943.090 	  63 	  4.088 	  0.122 
1248444943.090 	  81 	  4.183 	  0.165 
1248444943.091 	   7 	  4.089 	  0.208 
1248444943.320 	  63 	  4.084 	  0.115 
1248444943.320 	  81 	  4.172 	  0.154 
1248444943.320 	   7 	  4.113 	  0.189 
1248444943.545 	  63 	  4.034 	  0.104 
1248444943.545 	  81 	  4.197 	  0.145 
1248444943.546 	   7 	  4.084 	  0.188 
1248444943.792 	   7 	  4.084 	  0.199 
1248444944.019 	   7 	  4.056 	  0.199 
1248444944.254 	  63 	  4.028 	  0.112 
1248444944.254 	  81 	  4.132 	  0.151 
1248444944.254 	   7 	  4.084 	  0.198 
1248444944.485 	  63 	  3.973 	  0.101 
1248444944.485 	   7 	  4.028 	  0.189 
1248444944.710 	  63 	  4.018 	  0.099 
1248444944.711 	  81 	  4.084 	  0.139 
1248444944.711 	   7 	  4.028 	  0.175 
1248444944.942 	  63 	  3.946 	  0.105 
1248444944.942 	  81 	  4.084 	  0.145 
1248444944.942 	   7 	  3.990 	  0.191 
1248444945.627 	  63 	  3.973 	  0.102 
1248444945.627 	  81 	  4.084 	  0.150 
1248444946.540 	  63 	  3.870 	  0.094 
1248444946.541 	  81 	  3.977 	  0.137 
1248444946.541 	   7 	  3.919 	  0.182 
1248444947.009 	  63 	  3.870 	  0.097 
1248444947.009 	  81 	  3.973 	  0.138 
1248444947.009 	   7 	  3.893 	  0.178 
1248444947.234 	  63 	  3.825 	  0.092 
1248444947.234 	  81 	  3.950 	  0.134 
1248444947.235 	   7 	  3.878 	  0.184 
1248444947.920 	  63 	  3.776 	  0.078 
1248444947.920 	  81 	  3.919 	  0.120 
1248444947.920 	   7 	  3.817 	  0.170 
1248444948.374 	  63 	  3.768 	  0.071 
1248444948.374 	  81 	  3.868 	  0.124 
1248444948.374 	   7 	  3.817 	  0.163 
1248444948.842 	  63 	  3.723 	  0.068 
1248444948.843 	  81 	  3.845 	  0.111 
1248444948.843 	   7 	  3.771 	  0.160 
1248444949.080 	  63 	  3.758 	  0.063 
1248444949.080 	  81 	  3.824 	  0.104 
1248444949.080 	   7 	  3.768 	  0.155 
1248444949.318 	  63 	  3.718 	  0.060 
1248444949.318 	  81 	  3.820 	  0.102 
1248444949.318 	   7 	  3.733 	  0.153 
1248444949.790 	  63 	  3.678 	  0.064 
1248444949.790 	  81 	  3.768 	  0.101 
1248444950.030 	   7 	  3.694 	  0.154 
1248444950.535 	  81 	  3.763 	  0.087 
1248444950.535 	   7 	  3.682 	  0.137 
1248444951.022 	  63 	  3.584 	  0.052 
1248444951.022 	  81 	  3.711 	  0.096 
1248444951.022 	   7 	  3.635 	  0.148 
1248444951.496 	  63 	  3.543 	  0.043 
1248444951.496 	  81 	  3.676 	  0.086 
1248444951.496 	   7 	  3.628 	  0.139 
1248444952.005 	  63 	  3.569 	  0.026 
1248444952.005 	   7 	  3.589 	  0.122 
1248444952.253 	   7 	  3.555 	  0.128 
1248444952.504 	  81 	  3.597 	  0.083 
1248444952.504 	   7 	  3.546 	  0.136 
1248444952.756 	   7 	  3.541 	  0.117 
1248444953.003 	   7 	  3.509 	  0.121 
1248444953.316 	   7 	  3.469 	  0.122 
1248444953.543 	   7 	  3.469 	  0.131 
1248444953.770 	  81 	  3.501 	  0.070 
1248444953.770 	   7 	  3.431 	  0.124 
1248444953.998 	  81 	  3.468 	  0.061 
1248444953.998 	   7 	  3.455 	  0.120 
1248444954.461 	   7 	  3.435 	  0.116 
1248444954.689 	   7 	  3.422 	  0.117 
1248444954.918 	   7 	  3.432 	  0.116 
1248444955.374 	   7 	  3.420 	  0.117 
1248444955.604 	   7 	  3.438 	  0.117 
1248444955.835 	   7 	  3.415 	  0.117 
1248444956.082 	   7 	  3.391 	  0.119 
1248444956.315 	  81 	  3.460 	  0.060 
1248444956.315 	   7 	  3.388 	  0.117 
1248444956.544 	  63 	  3.340 	  0.012 
1248444956.545 	  81 	  3.432 	  0.060 
1248444956.545 	   7 	  3.402 	  0.117 
1248444956.772 	  63 	  3.305 	  0.013 
1248444956.772 	  81 	  3.445 	  0.058 
1248444956.773 	   7 	  3.390 	  0.115 
1248444957.462 	  63 	  3.267 	  0.011 
1248444957.462 	  81 	  3.415 	  0.061 
1248444957.463 	   7 	  3.346 	  0.119 
1248444957.694 	  63 	  3.285 	  0.013 
1248444957.694 	  81 	  3.416 	  0.061 
1248444957.694 	   7 	  3.374 	  0.119 
1248444957.924 	  63 	  3.274 	  0.013 
1248444957.925 	  81 	  3.386 	  0.061 
1248444957.925 	   7 	  3.349 	  0.119 
1248444958.169 	   7 	  3.350 	  0.117 
1248444958.397 	   7 	  3.327 	  0.118 
1248444958.624 	   7 	  3.340 	  0.118 
1248444958.855 	  81 	  3.355 	  0.062 
1248444958.855 	   7 	  3.340 	  0.120 
1248444959.107 	   7 	  3.317 	  0.117 
1248444959.788 	   7 	  3.267 	  0.120 
1248444960.507 	  63 	  3.164 	  0.013 
1248444960.507 	  81 	  3.269 	  0.060 
1248444960.507 	   7 	  3.231 	  0.123 
1248444960.969 	  63 	  3.129 	  0.018 
1248444960.969 	  81 	  3.231 	  0.068 
1248444960.969 	   7 	  3.196 	  0.129 
1248444961.195 	  63 	  3.104 	  0.015 
1248444961.195 	  81 	  3.205 	  0.061 
1248444961.195 	   7 	  3.169 	  0.126 
1248444961.426 	  63 	  3.129 	  0.036 
1248444961.653 	  63 	  3.096 	  0.020 
1248444961.654 	  81 	  3.231 	  0.070 
1248444961.654 	   7 	  3.173 	  0.126 
1248444962.112 	  63 	  3.080 	  0.028 
1248444962.113 	   7 	  3.129 	  0.140 
1248444962.350 	  63 	  3.040 	  0.016 
1248444962.350 	  81 	  3.153 	  0.068 
1248444962.350 	   7 	  3.103 	  0.130 
1248444962.576 	  63 	  3.033 	  0.016 
1248444962.576 	  81 	  3.135 	  0.070 
1248444962.576 	   7 	  3.096 	  0.121 
1248444963.140 	   7 	  3.065 	  0.134 
1248444963.596 	   7 	  3.042 	  0.136 
1248444963.842 	  81 	  3.118 	  0.076 
1248444964.070 	   7 	  3.033 	  0.137 
1248444964.296 	   7 	  3.007 	  0.139 
1248444964.527 	   7 	  3.016 	  0.132 
1248444964.755 	   7 	  2.990 	  0.143 
1248444965.210 	   7 	  2.953 	  0.139 
1248444965.687 	  63 	  2.895 	  0.017 
1248444965.687 	  81 	  3.004 	  0.070 
1248444965.687 	   7 	  2.952 	  0.136 
1248444965.919 	  63 	  2.868 	  0.017 
1248444965.919 	  81 	  2.988 	  0.071 
1248444965.919 	   7 	  2.934 	  0.136 
1248444966.150 	  63 	  2.867 	  0.017 
1248444966.150 	  81 	  2.998 	  0.072 
1248444966.150 	   7 	  2.939 	  0.136 
1248444966.380 	  63 	  2.884 	  0.017 
1248444966.380 	  81 	  2.984 	  0.071 
1248444966.380 	   7 	  2.941 	  0.136 
1248444966.614 	  63 	  2.884 	  0.017 
1248444966.614 	  81 	  2.985 	  0.071 
1248444966.614 	   7 	  2.941 	  0.136 
1248444966.849 	  63 	  2.884 	  0.017 
1248444966.850 	  81 	  2.986 	  0.071 
1248444966.850 	   7 	  2.939 	  0.136 
1248444967.078 	  63 	  2.873 	  0.017 
1248444967.078 	  81 	  2.991 	  0.072 
1248444967.078 	   7 	  2.934 	  0.136 
1248444967.315 	  63 	  2.899 	  0.014 
1248444967.315 	  81 	  3.017 	  0.070 
1248444967.315 	   7 	  2.973 	  0.135 
1248444967.544 	  63 	  2.864 	  0.016 
1248444967.544 	  81 	  2.991 	  0.071 
1248444967.544 	   7 	  2.933 	  0.136 
1248444967.772 	  63 	  2.859 	  0.019 
1248444967.772 	  81 	  2.957 	  0.075 
1248444967.772 	   7 	  2.915 	  0.140 
1248444968.002 	  63 	  2.832 	  0.019 
1248444968.002 	  81 	  2.971 	  0.073 
1248444968.002 	   7 	  2.915 	  0.141 
1248444968.232 	  63 	  2.816 	  0.018 
1248444968.232 	  81 	  2.944 	  0.073 
1248444968.232 	   7 	  2.888 	  0.138 
1248444968.691 	  63 	  2.800 	  0.013 
1248444968.691 	  81 	  2.927 	  0.068 
1248444968.691 	   7 	  2.880 	  0.135 
1248444968.923 	  63 	  2.787 	  0.011 
1248444968.924 	  81 	  2.901 	  0.068 
1248444968.924 	   7 	  2.852 	  0.134 
1248444969.828 	  63 	  2.730 	  0.169 
1248444969.828 	  81 	  2.806 	  0.231 
1248444970.056 	  63 	  2.681 	  0.249 
1248444970.056 	  81 	  2.754 	  0.309 
1248444970.056 	   7 	  2.657 	  0.376 
1248444970.970 	  63 	  2.423 	  0.516 
1248444970.971 	  81 	  2.463 	  0.570 
1248445002.129 	  25 	  6.060 	 -0.059 
1248445002.597 	  25 	  6.028 	 -0.060 
1248445004.157 	  72 	  5.933 	  0.161 
1248445004.157 	  25 	  5.813 	  0.184 
1248445004.396 	  61 	  4.240 	  0.043 
1248445004.396 	  90 	  4.264 	  0.089 
1248445004.396 	  72 	  5.933 	  0.161 
1248445004.638 	  90 	  4.202 	  0.098 
1248445004.879 	  72 	  6.060 	  0.157 
1248445005.348 	  90 	  4.202 	  0.111 
1248445006.070 	  61 	  4.084 	  0.100 
1248445006.070 	  90 	  4.088 	  0.141 
1248445006.070 	  25 	  5.697 	  0.246 
1248445006.312 	  61 	  4.028 	  0.108 
1248445006.312 	  90 	  4.084 	  0.151 
1248445006.312 	  72 	  5.813 	  0.225 
1248445006.312 	  25 	  5.585 	  0.255 
1248445006.554 	  61 	  4.035 	  0.106 
1248445006.554 	  90 	  4.028 	  0.153 
1248445006.555 	  72 	  5.697 	  0.224 
1248445007.041 	  61 	  4.028 	  0.096 
1248445007.041 	  90 	  4.028 	  0.157 
1248445007.041 	  72 	  5.697 	  0.223 
1248445007.544 	  61 	  3.973 	  0.122 
1248445007.544 	  25 	  5.585 	  0.270 
1248445007.793 	  72 	  5.697 	  0.232 
1248445008.537 	  90 	  3.919 	  0.159 
1248445008.538 	  25 	  5.479 	  0.264 
1248445009.078 	   9 	  5.585 	 -0.181 
1248445009.078 	  61 	  3.838 	  0.121 
1248445009.078 	  90 	  3.873 	  0.166 
1248445009.078 	  72 	  5.585 	  0.240 
1248445009.078 	  25 	  5.376 	  0.272 
1248445009.804 	  36 	  5.479 	 -0.097 
1248445009.804 	  61 	  3.817 	  0.121 
1248445009.804 	  90 	  3.824 	  0.172 
1248445009.804 	  72 	  5.558 	  0.250 
1248445009.804 	  25 	  5.376 	  0.282 
1248445010.048 	  72 	  5.585 	  0.250 
1248445010.048 	  25 	  5.376 	  0.286 
1248445010.290 	  61 	  3.768 	  0.119 
1248445010.290 	  90 	  3.774 	  0.174 
1248445010.290 	  25 	  5.376 	  0.280 
1248445010.532 	  72 	  5.479 	  0.248 
1248445010.774 	   9 	  5.376 	 -0.160 
1248445010.774 	  16 	  5.479 	 -0.137 
1248445010.774 	  61 	  3.717 	  0.140 
1248445010.774 	  90 	  3.741 	  0.188 
1248445010.775 	  72 	  5.403 	  0.260 
1248445010.775 	  25 	  5.277 	  0.292 
1248445011.016 	  61 	  3.674 	  0.157 
1248445011.016 	  72 	  5.376 	  0.272 
1248445011.259 	  36 	  5.376 	 -0.096 
1248445011.259 	  61 	  3.674 	  0.136 
1248445011.259 	  90 	  3.685 	  0.196 
1248445011.260 	  72 	  5.427 	  0.255 
1248445011.260 	  25 	  5.277 	  0.287 
1248445011.745 	  25 	  5.277 	  0.287 
1248445011.988 	  61 	  3.674 	  0.131 
1248445012.234 	  72 	  5.376 	  0.267 
1248445012.480 	  90 	  3.628 	  0.196 
1248445012.480 	  25 	  5.182 	  0.300 
1248445013.572 	  16 	  5.277 	 -0.111 
1248445013.573 	  61 	  3.506 	  0.170 
1248445013.573 	  90 	  3.545 	  0.221 
1248445013.573 	  72 	  5.245 	  0.293 
1248445013.573 	  25 	  5.090 	  0.326 
1248445014.093 	   9 	  5.182 	 -0.153 
1248445014.093 	  16 	  5.277 	 -0.124 
1248445014.093 	  36 	  5.182 	 -0.087 
1248445014.094 	  61 	  3.499 	  0.150 
1248445014.094 	  90 	  3.504 	  0.218 
1248445014.094 	  72 	  5.182 	  0.282 
1248445014.094 	  25 	  5.090 	  0.312 
1248445014.572 	  16 	  5.277 	 -0.116 
1248445014.572 	  36 	  5.182 	 -0.083 
1248445014.572 	  61 	  3.458 	  0.160 
1248445014.572 	  72 	  5.182 	  0.288 
1248445014.811 	  72 	  5.090 	  0.299 
1248445014.811 	  25 	  5.001 	  0.330 
1248445015.048 	  16 	  5.182 	 -0.118 
1248445015.048 	  61 	  3.418 	  0.169 
1248445015.285 	  16 	  5.182 	 -0.106 
1248445015.285 	  36 	  5.182 	 -0.083 
1248445015.285 	  61 	  3.388 	  0.168 
1248445015.285 	  90 	  3.418 	  0.233 
1248445015.285 	  72 	  5.090 	  0.300 
1248445015.285 	  25 	  4.916 	  0.336 
1248445015.525 	   9 	  5.120 	 -0.138 
1248445015.525 	  16 	  5.172 	 -0.106 
1248445015.525 	  61 	  3.345 	  0.185 
1248445015.525 	  90 	  3.383 	  0.238 
1248445015.525 	  72 	  5.090 	  0.309 
1248445015.526 	  25 	  4.916 	  0.339 
1248445015.766 	  16 	  5.090 	 -0.114 
1248445015.766 	  36 	  5.090 	 -0.075 
1248445015.766 	  61 	  3.347 	  0.174 
1248445015.766 	  90 	  3.379 	  0.234 
1248445015.766 	  72 	  5.001 	  0.303 
1248445015.766 	  25 	  4.916 	  0.338 
1248445016.005 	  36 	  5.090 	 -0.078 
1248445016.005 	  61 	  3.303 	  0.188 
1248445016.005 	  90 	  3.379 	  0.241 
1248445016.006 	  72 	  5.001 	  0.303 
1248445016.006 	  25 	  4.916 	  0.338 
1248445016.245 	  16 	  5.090 	 -0.113 
1248445016.245 	  61 	  3.276 	  0.184 
1248445016.245 	  90 	  3.340 	  0.243 
1248445016.245 	  72 	  5.026 	  0.306 
1248445016.245 	  25 	  4.840 	  0.341 
1248445016.483 	  16 	  5.090 	 -0.111 
1248445016.484 	  36 	  5.090 	 -0.074 
1248445016.484 	  61 	  3.267 	  0.191 
1248445016.484 	  90 	  3.340 	  0.252 
1248445016.484 	  72 	  5.001 	  0.309 
1248445016.484 	  25 	  4.916 	  0.336 
1248445016.723 	  16 	  5.030 	 -0.107 
1248445016.724 	  25 	  4.833 	  0.351 
1248445016.964 	  16 	  5.001 	 -0.110 
1248445016.964 	  36 	  5.001 	 -0.071 
1248445016.964 	  61 	  3.231 	  0.195 
1248445016.964 	  72 	  5.001 	  0.309 
1248445016.964 	  25 	  4.801 	  0.349 
1248445017.204 	  72 	  4.916 	  0.315 
1248445017.444 	   9 	  5.001 	 -0.141 
1248445017.444 	  16 	  5.001 	 -0.109 
1248445017.444 	  36 	  5.001 	 -0.068 
1248445017.444 	  61 	  3.208 	  0.191 
1248445017.444 	  90 	  3.267 	  0.248 
1248445017.444 	  72 	  4.916 	  0.316 
1248445017.444 	  25 	  4.833 	  0.351 
1248445017.684 	  16 	  5.001 	 -0.107 
1248445017.684 	  25 	  4.754 	  0.356 
1248445017.919 	  61 	  3.196 	  0.187 
1248445017.919 	  25 	  4.754 	  0.353 
1248445018.153 	  61 	  3.179 	  0.186 
1248445018.388 	  61 	  3.141 	  0.198 
1248445018.388 	  25 	  4.684 	  0.356 
1248445018.624 	  25 	  4.677 	  0.365 
1248445018.859 	  25 	  4.677 	  0.369 
1248445019.329 	  72 	  4.780 	  0.334 
1248445019.329 	  25 	  4.658 	  0.370 
1248445019.800 	  61 	  3.042 	  0.207 
1248445019.800 	  25 	  4.613 	  0.371 
1248445020.270 	  90 	  3.037 	  0.283 
1248445020.270 	  25 	  4.597 	  0.385 
1248445021.179 	   9 	  4.754 	 -0.135 
1248445021.180 	  16 	  4.754 	 -0.102 
1248445021.180 	  36 	  4.754 	 -0.062 
1248445021.180 	  61 	  2.944 	  0.220 
1248445021.180 	  90 	  2.983 	  0.291 
1248445021.180 	  72 	  4.658 	  0.344 
1248445022.674 	  16 	  4.621 	 -0.093 
1248445022.675 	  36 	  4.602 	 -0.046 
1248445022.675 	  61 	  2.816 	  0.244 
1248445022.675 	  90 	  2.832 	  0.321 
1248445022.675 	  25 	  4.393 	  0.409 
1248445023.872 	  61 	  2.760 	  0.158 
1248445023.872 	  90 	  2.832 	  0.222 
1248445023.872 	  72 	  4.530 	  0.278 
1248445023.872 	  25 	  4.431 	  0.320 
1248445024.111 	  90 	  2.825 	  0.191 
1248445024.111 	  72 	  4.573 	  0.237 
1248445024.111 	  25 	  4.460 	  0.274 
1248445024.350 	  61 	  2.775 	  0.086 
1248445024.350 	  90 	  2.834 	  0.147 
1248445024.350 	  72 	  4.561 	  0.200 
1248445024.351 	  25 	  4.460 	  0.241 
1248445025.070 	  61 	  2.731 	  0.015 
1248445025.070 	  90 	  2.806 	  0.087 
1248445025.070 	  72 	  4.556 	  0.134 
1248445025.070 	  25 	  4.460 	  0.177 
1248445025.310 	  61 	  2.730 	  0.003 
1248445025.310 	  72 	  4.602 	  0.129 
1248445025.792 	  61 	  2.673 	  0.007 
1248445025.792 	  72 	  4.530 	  0.132 
1248445026.505 	  61 	  2.634 	  0.014 
1248445026.505 	  90 	  2.705 	  0.087 
1248445026.505 	  72 	  4.460 	  0.138 
1248445026.505 	  25 	  4.366 	  0.179 
1248445026.976 	  90 	  2.681 	  0.096 
1248445026.977 	  72 	  4.460 	  0.141 
1248445026.977 	  25 	  4.393 	  0.179 
1248445027.213 	  61 	  2.567 	  0.020 
1248445027.213 	  90 	  2.645 	  0.088 
1248445027.213 	  72 	  4.393 	  0.139 
1248445027.450 	  61 	  2.549 	  0.015 
1248445027.450 	  90 	  2.634 	  0.096 
1248445027.451 	  72 	  4.393 	  0.139 
1248445027.451 	  25 	  4.302 	  0.181 
1248445027.926 	  61 	  2.515 	  0.022 
1248445027.926 	  90 	  2.603 	  0.091 
1248445027.927 	  72 	  4.342 	  0.148 
1248445027.927 	  25 	  4.264 	  0.186 
1248445028.165 	  61 	  2.507 	  0.020 
1248445028.165 	  90 	  2.583 	  0.091 
1248445028.165 	  72 	  4.360 	  0.146 
1248445028.165 	  25 	  4.272 	  0.189 
1248445028.642 	  61 	  2.476 	  0.018 
1248445028.642 	  90 	  2.552 	  0.090 
1248445028.642 	  72 	  4.327 	  0.146 
1248445028.642 	  25 	  4.208 	  0.187 
1248445029.116 	  72 	  4.264 	  0.135 
1248445029.116 	  25 	  4.264 	  0.180 
1248445029.352 	  61 	  2.424 	  0.020 
1248445029.352 	  72 	  4.264 	  0.136 
1248445029.591 	  61 	  2.411 	  0.007 
1248445029.829 	  61 	  2.391 	  0.018 
1248445029.829 	  25 	  4.142 	  0.191 
1248445030.295 	  25 	  4.028 	  0.265 
1248445030.527 	  90 	  2.405 	  0.203 
1248445030.999 	  72 	  4.028 	  0.316 
1248445031.932 	  61 	  2.183 	  0.306 
1248445032.403 	  61 	  2.080 	  0.379 
1248445032.641 	  36 	  3.919 	  0.009 
1248445032.641 	  25 	  3.541 	  0.535 
1248445032.882 	  90 	  2.080 	  0.478 
1248445033.124 	   9 	  3.973 	 -0.062 
1248445033.125 	  16 	  3.949 	 -0.024 
1248445033.125 	  36 	  3.919 	  0.025 
1248445033.125 	  61 	  2.042 	  0.399 
1248445033.125 	  90 	  2.067 	  0.476 
1248445033.125 	  72 	  3.603 	  0.517 
1248445033.125 	  25 	  3.468 	  0.563 
1248445033.392 	   9 	  3.919 	 -0.071 
1248445033.392 	  16 	  3.925 	 -0.026 
1248445033.392 	  36 	  3.874 	  0.023 
1248445033.392 	  61 	  2.025 	  0.399 
1248445033.392 	  90 	  2.058 	  0.476 
1248445033.392 	  72 	  3.615 	  0.519 
1248445033.392 	  25 	  3.468 	  0.562 
1248445033.634 	   9 	  3.919 	 -0.068 
1248445033.634 	  16 	  3.917 	 -0.022 
1248445033.634 	  36 	  3.870 	  0.026 
1248445033.634 	  61 	  2.026 	  0.389 
1248445033.635 	  72 	  3.593 	  0.519 
1248445033.635 	  25 	  3.458 	  0.562 
1248445033.895 	  61 	  1.981 	  0.418 
1248445033.895 	  25 	  3.398 	  0.571 
1248445034.135 	  36 	  3.817 	  0.030 
1248445034.135 	  72 	  3.541 	  0.529 
1248445034.369 	  61 	  1.932 	  0.431 
1248445034.369 	  72 	  3.511 	  0.537 
1248445034.619 	  61 	  1.927 	  0.421 
1248445034.619 	  72 	  3.499 	  0.535 
1248445034.867 	  61 	  1.922 	  0.405 
1248445035.116 	  61 	  1.906 	  0.407 
1248445035.116 	  25 	  3.340 	  0.571 
1248445035.609 	  36 	  3.720 	  0.045 
1248445036.106 	  16 	  3.720 	  0.003 
1248445036.351 	   9 	  3.720 	 -0.053 
1248445036.351 	  16 	  3.720 	 -0.005 
1248445036.351 	  36 	  3.674 	  0.048 
1248445036.351 	  61 	  1.788 	  0.465 
1248445036.351 	  90 	  1.806 	  0.564 
1248445036.594 	   9 	  3.712 	 -0.041 
1248445036.594 	  16 	  3.674 	  0.004 
1248445036.594 	  36 	  3.649 	  0.056 
1248445036.594 	  61 	  1.766 	  0.470 
1248445036.594 	  90 	  1.782 	  0.560 
1248445037.334 	  90 	  1.879 	  0.410 
1248445037.825 	  61 	  1.837 	  0.212 
1248445037.825 	  90 	  1.915 	  0.295 
1248445037.825 	  25 	  3.541 	  0.351 
1248445038.066 	  61 	  1.837 	  0.134 
1248445038.066 	  90 	  1.926 	  0.227 
1248445039.054 	  25 	  3.541 	  0.272 
1248445040.044 	  61 	  1.709 	  0.126 
1248445040.536 	  90 	  1.756 	  0.245 
1248445041.034 	  61 	  1.648 	  0.122 
1248445041.035 	  90 	  1.729 	  0.239 
1248445041.035 	  25 	  3.388 	  0.286 
1248445041.508 	  61 	  1.615 	  0.172 
1248445041.747 	  90 	  1.631 	  0.376 
1248445042.475 	  90 	  1.556 	  0.442 
1248445042.725 	  36 	  3.267 	 -0.079 
1248445042.974 	  36 	  3.256 	 -0.018 
1248445043.274 	  16 	  3.267 	 -0.062 
1248445043.522 	  61 	  1.350 	  0.527 
1248445043.770 	  36 	  3.196 	  0.071 
1248445044.020 	  36 	  3.166 	  0.109 
1248445044.270 	  36 	  3.157 	  0.128 
1248445044.767 	  36 	  3.102 	  0.142 
1248445045.017 	  16 	  3.162 	  0.089 
1248445045.759 	  36 	  3.065 	  0.150 
1248445046.023 	  36 	  3.011 	  0.161 
1248445046.523 	  16 	  3.033 	  0.117 
1248445046.523 	  36 	  2.988 	  0.191 
1248445047.031 	  36 	  2.939 	  0.177 
1248445047.531 	  16 	  2.976 	  0.108 
1248445047.531 	  36 	  2.911 	  0.176 
1248445048.253 	  36 	  2.836 	  0.192 
1248445048.483 	  36 	  2.832 	  0.188 
1248445048.947 	  36 	  2.806 	  0.160 
1248445049.642 	  36 	  2.791 	  0.172 
1248445049.876 	  36 	  2.782 	  0.168 
1248445050.109 	  36 	  2.786 	  0.166 
1248445050.344 	  36 	  2.798 	  0.168 
1248445050.578 	  36 	  2.785 	  0.166 
1248445050.910 	  36 	  2.792 	  0.168 
1248445051.151 	   9 	  2.870 	  0.030 
1248445051.151 	  16 	  2.840 	  0.099 
1248445051.151 	  36 	  2.787 	  0.166 
1248445051.387 	   9 	  2.871 	  0.030 
1248445051.387 	  16 	  2.839 	  0.099 
1248445051.387 	  36 	  2.787 	  0.166 
1248445051.625 	   9 	  2.867 	  0.030 
1248445051.625 	  16 	  2.835 	  0.098 
1248445051.625 	  36 	  2.784 	  0.166 
1248445051.877 	  36 	  2.774 	  0.166 
1248445052.109 	  36 	  2.773 	  0.166 
1248445052.590 	  36 	  2.714 	  0.270 
1248445052.827 	  16 	  2.742 	  0.264 
1248445053.058 	  16 	  2.754 	  0.281 
1248445053.404 	   5 	  2.364 	 -0.070 
1248445053.404 	   9 	  2.730 	  0.282 
1248445053.404 	  16 	  2.644 	  0.357 
1248445053.636 	   5 	  2.343 	 -0.033 
1248445053.636 	   9 	  2.668 	  0.332 
1248445053.637 	  16 	  2.583 	  0.399 
1248445053.637 	  36 	  2.479 	  0.469 
1248445053.874 	   5 	  2.332 	 -0.018 
1248445053.875 	  16 	  2.559 	  0.409 
1248445053.875 	  36 	  2.466 	  0.478 
1248445054.116 	   5 	  2.305 	 -0.028 
1248445054.116 	   9 	  2.626 	  0.338 
1248445054.117 	  16 	  2.556 	  0.408 
1248445054.117 	  36 	  2.454 	  0.480 
1248445054.354 	   5 	  2.302 	 -0.030 
1248445054.355 	   9 	  2.621 	  0.337 
1248445054.355 	  16 	  2.554 	  0.407 
1248445054.355 	  36 	  2.445 	  0.480 
1248445054.589 	   5 	  2.276 	 -0.030 
1248445054.589 	   9 	  2.600 	  0.341 
1248445054.590 	  16 	  2.523 	  0.411 
1248445054.590 	  36 	  2.426 	  0.484 
1248445054.830 	   5 	  2.263 	 -0.030 
1248445054.830 	   9 	  2.611 	  0.341 
1248445054.830 	  16 	  2.517 	  0.413 
1248445054.830 	  36 	  2.414 	  0.487 
1248445055.068 	  16 	  2.502 	  0.411 
1248445055.068 	  36 	  2.406 	  0.486 
1248445055.307 	   9 	  2.579 	  0.339 
1248445055.307 	  36 	  2.398 	  0.484 
1248445055.542 	  16 	  2.504 	  0.413 
1248445055.542 	  36 	  2.401 	  0.486 
1248445055.790 	  36 	  2.399 	  0.484 
1248445056.024 	  16 	  2.484 	  0.412 
1248445056.024 	  36 	  2.377 	  0.486 
1248445056.278 	  36 	  2.391 	  0.481 
1248445056.528 	  16 	  2.444 	  0.420 
1248445056.528 	  36 	  2.350 	  0.494 
1248445057.049 	  16 	  2.410 	  0.427 
1248445057.049 	  36 	  2.318 	  0.501 
1248445057.315 	   5 	  2.151 	 -0.032 
1248445057.315 	   9 	  2.462 	  0.356 
1248445057.315 	  16 	  2.399 	  0.431 
1248445057.315 	  36 	  2.294 	  0.507 
1248445057.554 	  16 	  2.390 	  0.435 
1248445057.554 	  36 	  2.290 	  0.509 
1248445057.797 	   5 	  2.136 	 -0.032 
1248445057.797 	   9 	  2.459 	  0.359 
1248445057.797 	  16 	  2.385 	  0.435 
1248445057.797 	  36 	  2.276 	  0.513 
1248445058.030 	   5 	  2.111 	 -0.032 
1248445058.030 	   9 	  2.439 	  0.361 
1248445058.030 	  16 	  2.362 	  0.437 
1248445058.030 	  36 	  2.263 	  0.514 
1248445058.266 	   5 	  2.106 	 -0.035 
1248445058.267 	   9 	  2.438 	  0.360 
1248445058.267 	  16 	  2.362 	  0.436 
1248445058.267 	  36 	  2.258 	  0.512 
1248445058.502 	   5 	  2.093 	 -0.037 
1248445058.502 	   9 	  2.418 	  0.360 
1248445058.502 	  16 	  2.339 	  0.437 
1248445058.503 	  36 	  2.244 	  0.514 
1248445058.741 	   5 	  2.080 	 -0.036 
1248445058.741 	   9 	  2.404 	  0.363 
1248445058.741 	  16 	  2.332 	  0.441 
1248445058.741 	  36 	  2.239 	  0.517 
1248445058.975 	   5 	  2.082 	 -0.037 
1248445058.975 	   9 	  2.412 	  0.363 
1248445058.975 	  16 	  2.337 	  0.440 
1248445058.975 	  36 	  2.236 	  0.520 
1248445059.212 	   5 	  2.058 	 -0.039 
1248445059.213 	   9 	  2.388 	  0.364 
1248445059.213 	  16 	  2.315 	  0.442 
1248445059.213 	  36 	  2.220 	  0.520 
1248445059.447 	   5 	  2.038 	 -0.039 
1248445059.447 	   9 	  2.366 	  0.365 
1248445059.447 	  16 	  2.297 	  0.443 
1248445059.447 	  36 	  2.197 	  0.524 
1248445059.682 	   5 	  2.041 	 -0.039 
1248445059.682 	   9 	  2.378 	  0.369 
1248445059.683 	  16 	  2.297 	  0.447 
1248445059.683 	  36 	  2.202 	  0.523 
1248445059.931 	  16 	  2.280 	  0.449 
1248445059.931 	  36 	  2.183 	  0.528 
1248445060.177 	  16 	  2.262 	  0.455 
1248445060.177 	  36 	  2.164 	  0.534 
1248445060.411 	  16 	  2.250 	  0.457 
1248445060.411 	  36 	  2.153 	  0.536 
1248445060.653 	  16 	  2.238 	  0.459 
1248445060.653 	  36 	  2.134 	  0.540 
1248445060.894 	  16 	  2.229 	  0.461 
1248445060.894 	  36 	  2.129 	  0.541 
1248445061.142 	  16 	  2.226 	  0.464 
1248445061.142 	  36 	  2.122 	  0.544 
1248445061.627 	  36 	  2.183 	  0.467 
1248445061.865 	   5 	  1.939 	 -0.176 
1248445062.115 	  16 	  2.307 	  0.323 
1248445062.115 	  36 	  2.224 	  0.405 
1248445062.617 	  16 	  2.297 	  0.322 
1248445062.617 	  36 	  2.216 	  0.404 
1248445062.867 	   5 	  1.903 	 -0.197 
1248445062.867 	   9 	  2.341 	  0.239 
1248445062.867 	  16 	  2.294 	  0.320 
1248445062.867 	  36 	  2.222 	  0.405 
1248445063.117 	   5 	  1.898 	 -0.193 
1248445063.117 	   9 	  2.338 	  0.236 
1248445063.117 	  16 	  2.289 	  0.319 
1248445063.117 	  36 	  2.214 	  0.401 
1248445063.364 	  36 	  2.199 	  0.405 
1248445063.608 	   9 	  2.316 	  0.249 
1248445063.608 	  36 	  2.201 	  0.407 
1248445063.864 	   9 	  2.314 	  0.237 
1248445063.864 	  36 	  2.184 	  0.403 
1248445064.106 	  36 	  2.174 	  0.405 
1248445064.349 	  36 	  2.165 	  0.401 
1248445064.592 	  36 	  2.146 	  0.411 
1248445064.833 	  16 	  2.227 	  0.321 
1248445064.833 	  36 	  2.147 	  0.407 
1248445065.076 	   9 	  2.246 	  0.243 
1248445065.076 	  16 	  2.218 	  0.322 
1248445065.076 	  36 	  2.134 	  0.409 
1248445065.322 	   9 	  2.255 	  0.225 
1248445065.323 	  16 	  2.212 	  0.314 
1248445065.323 	  36 	  2.138 	  0.395 
1248445065.568 	   9 	  2.243 	  0.263 
1248445065.568 	  16 	  2.193 	  0.331 
1248445065.568 	  36 	  2.121 	  0.418 
1248445065.811 	   9 	  2.230 	  0.237 
1248445065.811 	  16 	  2.191 	  0.314 
1248445065.811 	  36 	  2.109 	  0.403 
1248445066.062 	  36 	  2.101 	  0.398 
1248445066.308 	   9 	  2.218 	  0.208 
1248445066.308 	  16 	  2.176 	  0.295 
1248445066.308 	  36 	  2.103 	  0.384 
1248445066.559 	   9 	  2.216 	  0.210 
1248445066.560 	  16 	  2.174 	  0.297 
1248445066.560 	  36 	  2.097 	  0.385 
1248445066.814 	   9 	  2.206 	  0.163 
1248445066.814 	  36 	  2.102 	  0.348 
1248445067.293 	  36 	  2.106 	  0.329 
1248445067.534 	  36 	  2.085 	  0.337 
1248445067.778 	  36 	  2.068 	  0.325 
1248445068.506 	  16 	  2.098 	  0.219 
1248445068.749 	  16 	  2.083 	  0.229 
1248445068.749 	  36 	  2.022 	  0.320 
1248445069.227 	  36 	  1.971 	  0.343 
1248445069.464 	  36 	  1.952 	  0.359 
1248445069.695 	   9 	  2.016 	  0.170 
1248445069.695 	  36 	  1.919 	  0.364 
1248445069.934 	  36 	  1.903 	  0.367 
1248445070.174 	  36 	  1.903 	  0.362 
1248445070.407 	   9 	  1.963 	  0.207 
1248445070.407 	  36 	  1.868 	  0.389 
1248445070.634 	  36 	  1.804 	  0.447 
1248445070.862 	  36 	  1.706 	  0.564 
1248445071.094 	  16 	  1.724 	  0.548 
1248445071.332 	   9 	  1.729 	  0.522 
1248445071.574 	   5 	  1.494 	 -0.014 
1248445071.813 	   5 	  1.473 	  0.068 
1248445072.287 	   5 	  1.401 	  0.269 
1248445072.525 	   5 	  1.361 	  0.356 
1248445072.762 	   5 	  1.309 	  0.442 
1248445072.997 	   5 	  1.228 	  0.568 
