   5.0000000e+00   2.2190887e+00   2.1569191e+00   2.3284981e+00   2.3304435e+00   9.8948417e-01
   7.0000000e+00   1.8048136e+00   1.8920340e+00   2.3839496e+00   1.9753871e+00   1.0399496e+00
   9.0000000e+00   1.2505088e+00   1.5494610e+00   1.4269614e+00   1.2152062e+00   9.2582130e-01
   1.1000000e+01   4.6263195e-01   5.5901544e-01   5.1573008e-01   5.4271740e-01   7.9646832e-01
   1.3000000e+01   8.3470554e-01   7.5065754e-01   7.8703582e-01   9.0514502e-01   2.3528191e+00
   1.5000000e+01   1.6851228e+00   1.3536340e+00   1.5555011e+00   1.7539398e+00   4.3110035e-01
   1.7000000e+01   2.3826992e+00   2.2429283e+00   2.4388565e+00   2.5121093e+00   1.5127079e+00
   1.9000000e+01   1.6328760e+00   1.6178555e+00   1.6950503e+00   1.7216076e+00   1.0477041e+00
   2.1000000e+01   4.0254810e-01   6.6633645e-01   6.0289806e-01   6.0560619e-01   2.8993717e+00
   2.3000000e+01   8.1016804e-01   1.0624424e+00   9.9264431e-01   9.5133302e-01   1.1248538e+00
   2.5000000e+01   4.8454489e+00   4.8536136e+00   4.6571226e+00   4.7160724e+00   2.9571902e+00
   2.7000000e+01   6.2561579e-01   6.8282385e-01   5.6677298e-01   6.1371952e-01   1.0007049e+00
   2.9000000e+01   8.2140336e-01   5.6494157e-01   8.3540787e-01   8.2414329e-01   9.5952272e-01
   3.1000000e+01   1.1650742e+00   9.6928627e-01   1.1214408e+00   1.1739931e+00   1.1425971e+00
   3.3000000e+01   4.2406820e-01   3.0399777e-01   3.4161917e-01   3.8293902e-01   9.1533664e-01
   3.5000000e+01   2.5506386e+00   2.4720153e+00   2.4451086e+00   2.5978410e+00   1.1933905e+00
   3.7000000e+01   2.0991812e-01   3.4784644e-01   3.1737344e-01   3.6973091e-01   8.3097311e-01
   3.9000000e+01   2.0569545e+00   2.1930493e+00   2.2330148e+00   2.1225624e+00   8.9586481e-01
   4.1000000e+01   2.5979313e+00   2.1283050e+00   2.2316127e+00   2.2478993e+00   1.3547708e+00
   4.3000000e+01   1.4400697e+00   1.2516341e+00   1.2233364e+00   1.3017461e+00   6.4851920e-01
   4.5000000e+01   2.1172533e+00   2.1682796e+00   2.0513097e+00   2.0445481e+00   2.1334978e+00
   4.7000000e+01   2.4969350e+00   2.2128129e+00   2.0994980e+00   2.1455931e+00   1.3305275e+00
   4.9000000e+01   3.4957415e+00   2.9478059e+00   2.8287486e+00   2.6929575e+00   1.7775316e+00
   5.1000000e+01   3.4878603e+00   2.5651089e+00   2.5298460e+00   2.3197166e+00   4.5526373e+00
   5.3000000e+01   3.8975485e+00   3.0425546e+00   3.0491884e+00   2.9266628e+00   2.5334795e+00
   5.5000000e+01   2.6879267e+00   2.1419681e+00   1.9889734e+00   2.1210807e+00   3.0163479e+00
   5.7000000e+01   9.2678196e-01   4.8846132e-01   4.8642484e-01   6.5434291e-01   1.2054785e+00
   5.9000000e+01   7.6614389e-01   4.0772995e-01   4.2682573e-01   3.9587073e-01   8.8769147e-01
   6.1000000e+01   1.4100132e+00   1.1724252e+00   1.0812634e+00   1.1179869e+00   3.6505001e-01
   6.3000000e+01   1.5734975e+00   1.1023179e+00   9.9286143e-01   1.0437824e+00   3.6831382e+00
   6.5000000e+01   4.2454280e+00   3.3375893e+00   3.2983862e+00   2.9696610e+00   1.9771093e+00
   6.7000000e+01   3.1783009e+00   2.1162766e+00   2.0508506e+00   2.2227062e+00   2.0476123e+00
   6.9000000e+01   1.6564467e+00   7.1911006e-01   7.4793512e-01   6.2870563e-01   1.7540923e+00
   7.1000000e+01   1.7811680e+00   8.4506576e-01   7.3700080e-01   7.1172788e-01   1.3231548e+00
   7.3000000e+01   2.0272629e+00   1.4943243e+00   1.3002798e+00   1.0970819e+00   6.8745114e-01
   7.5000000e+01   4.4665492e+00   3.8052085e+00   3.8400537e+00   3.2511453e+00   8.1083402e-01
   7.7000000e+01   3.3967962e+00   2.5272969e+00   2.3312851e+00   2.3380491e+00   1.8136128e+00
   7.9000000e+01   1.8463575e+00   9.8612571e-01   1.3519645e+00   1.1238068e+00   8.0661384e-01
   8.1000000e+01   6.1576430e+00   5.4804463e+00   5.7711636e+00   5.1708923e+00   1.8165130e+00
   8.3000000e+01   3.2270219e+00   2.4450789e+00   2.8039454e+00   2.9624931e+00   2.7075400e+00
   8.5000000e+01   3.2740811e+00   2.2948771e+00   2.3275157e+00   2.3096554e+00   1.9847157e+00
   8.7000000e+01   1.5955778e+00   1.3468353e+00   1.2907225e+00   1.5528186e+00   2.0830374e+00
   8.9000000e+01   1.2533346e+00   6.3106853e-01   7.3492072e-01   7.2013208e-01   1.6558770e+00
   9.1000000e+01   1.9702137e+00   9.5928121e-01   1.2106460e+00   9.3075046e-01   1.0514395e+00
   9.3000000e+01   1.5518434e+00   1.0202515e+00   1.0176046e+00   8.5756935e-01   4.4075764e-01
   9.5000000e+01   4.6512460e+00   3.4989180e+00   3.4610053e+00   2.9146660e+00   2.9886179e+00
   9.7000000e+01   3.2842852e+00   1.9722023e+00   1.9952660e+00   1.7727958e+00   1.8413237e+00
   9.9000000e+01   2.5069138e+00   9.2855309e-01   8.9309180e-01   7.4477116e-01   2.7828322e+00
   1.0100000e+02   2.3036570e+00   7.2068503e-01   8.5976647e-01   8.9377649e-01   7.5173431e-01
   1.0300000e+02   2.8291542e+00   1.5273733e+00   1.4079474e+00   1.3664480e+00   2.6145038e+00
   1.0500000e+02   2.9536653e+00   1.7347140e+00   1.7649447e+00   1.7096534e+00   2.4013559e+00
   1.0700000e+02   2.6453317e+00   1.2441104e+00   1.1451308e+00   9.9493767e-01   3.7500392e+00
   1.0900000e+02   2.9392430e+00   9.2513175e-01   9.3787810e-01   8.5954057e-01   2.8616522e+00
   1.1100000e+02   4.0663859e+00   1.4075650e+00   1.4078494e+00   1.4189712e+00   5.5979627e+00
   1.1300000e+02   4.2652581e+00   1.3178073e+00   1.4076174e+00   1.3538598e+00   1.4601769e+00
   1.1500000e+02   3.1705276e+00   8.0512440e-01   8.4191637e-01   7.5445051e-01   9.5637139e-01
   1.1700000e+02   5.4035573e+00   3.1724222e+00   3.3591446e+00   3.2916211e+00   1.6422201e+00
   1.1900000e+02   3.7747766e+00   1.7757232e+00   1.5273795e+00   1.3123338e+00   9.0845973e-01
   1.2100000e+02   3.1922290e+00   1.0780711e+00   8.7806408e-01   7.6900316e-01   1.4139780e+00
   1.2300000e+02   3.9864121e+00   1.8080428e+00   1.8277793e+00   1.6781293e+00   3.6989613e+00
   1.2500000e+02   2.9127908e+00   8.6443497e-01   8.6976368e-01   7.3612521e-01   3.1069664e+00
   1.2700000e+02   3.7316993e+00   9.8349503e-01   1.0724682e+00   1.0878743e+00   2.0717352e+00
   1.2900000e+02   5.8885618e+00   3.4517115e+00   3.5510234e+00   3.3409802e+00   2.4917454e+00
   1.3100000e+02   3.5443405e+00   8.1440471e-01   7.3445819e-01   6.3897373e-01   2.6576610e+00
   1.3300000e+02   4.0355187e+00   1.2685912e+00   1.3085695e+00   1.3150973e+00   4.0909924e+00
   1.3500000e+02   2.9194990e+00   1.0900677e+00   9.4389629e-01   8.7874830e-01   2.2490634e+00
   1.3700000e+02   3.8453923e+00   1.4173610e+00   1.3806805e+00   1.3781753e+00   5.7783683e+00
   1.3900000e+02   4.7908321e+00   2.4699861e+00   2.3238758e+00   2.2525960e+00   2.0897285e+00
   1.4100000e+02   4.7014372e+00   2.6133161e+00   2.6016897e+00   2.5748126e+00   4.7310572e+00
   1.4300000e+02   4.0721212e+00   1.8933550e+00   1.8831346e+00   1.9315880e+00   1.0416542e+00
   1.4500000e+02   4.8430155e+00   2.4086145e+00   2.3957864e+00   2.6500560e+00   2.3068405e+00
   1.4700000e+02   3.7489115e+00   1.0685944e+00   1.0802623e+00   1.0233213e+00   2.3305543e+00
   1.4900000e+02   3.9471747e+00   1.2385756e+00   1.2726672e+00   1.0365988e+00   3.3031712e+00
   1.5100000e+02   3.4173469e+00   1.0644911e+00   1.0476466e+00   1.0384013e+00   1.0733697e+00
   1.5300000e+02   3.5746454e+00   9.9829572e-01   1.0077270e+00   8.6737778e-01   2.3231678e+00
   1.5500000e+02   5.8516259e+00   3.8013967e+00   3.8523511e+00   3.6627877e+00   3.1486617e+00
   1.5700000e+02   3.6987283e+00   1.0297625e+00   9.6029592e-01   8.2469721e-01   1.0453293e+00
   1.5900000e+02   2.9860934e+00   9.0488469e-01   9.8402690e-01   9.3926435e-01   1.2543546e+00
   1.6100000e+02   4.3148766e+00   2.6598876e+00   2.7182359e+00   2.5715655e+00   2.2628757e+00
   1.6300000e+02   3.7871937e+00   2.0298179e+00   1.9673875e+00   2.0216069e+00   2.0754882e+00
   1.6500000e+02   3.1669823e+00   1.0606793e+00   1.1012566e+00   1.2463415e+00   1.1808179e+00
   1.6700000e+02   2.1852222e+00   4.3509365e-01   4.7455925e-01   4.6676002e-01   1.1678994e+00
   1.6900000e+02   2.1906872e+00   4.5223802e-01   4.8380333e-01   5.2789862e-01   7.3153826e-01
   1.7100000e+02   1.6567515e+00   6.2859202e-01   6.9381448e-01   6.6576319e-01   5.3734359e-01
   1.7300000e+02   1.5978845e+00   8.8624293e-01   8.9765721e-01   9.1187275e-01   1.2105516e+00
   1.7500000e+02   2.1266037e+00   1.3250891e+00   1.3057682e+00   1.3726769e+00   1.2931207e+00
   1.7700000e+02   1.7453487e+00   9.1862509e-01   6.8173298e-01   5.4946877e-01   6.6616615e-01
   1.7900000e+02   2.4040995e+00   1.2706161e+00   1.1288736e+00   1.1348693e+00   1.1530514e+00
   1.8100000e+02   3.5720005e+00   2.6701571e+00   2.4327227e+00   2.3039102e+00   1.9495010e+00
   1.8300000e+02   3.0171287e+00   1.8586014e+00   1.5931382e+00   1.5622258e+00   7.1439956e-01
   1.8500000e+02   2.2850576e+00   1.2756266e+00   9.5905959e-01   1.1601202e+00   1.9580590e+00
   1.8700000e+02   3.8017232e+00   2.1980115e+00   2.1371011e+00   2.2316258e+00   5.9122608e-01
   1.8900000e+02   2.3387016e+00   7.1116815e-01   6.8396832e-01   6.8564805e-01   1.1126263e+00
   1.9100000e+02   2.6310083e+00   1.2200168e+00   1.2899254e+00   1.2028052e+00   1.1461989e+00
   1.9300000e+02   2.6980668e+00   1.4337281e+00   1.5836618e+00   1.5079636e+00   1.7449015e+00
   1.9500000e+02   2.4112857e+00   9.7518019e-01   8.9527194e-01   8.3032246e-01   2.2782641e+00
   1.9700000e+02   2.5728040e+00   7.1709290e-01   7.7548220e-01   7.9177046e-01   1.2300530e+00
   1.9900000e+02   3.5407936e+00   1.8491843e+00   1.6726792e+00   1.8077779e+00   2.9415165e+00
   2.0100000e+02   2.7929079e+00   5.3998462e-01   5.5191865e-01   6.8180234e-01   1.5701023e+00
   2.0300000e+02   5.1194753e+00   2.3025961e+00   2.5547272e+00   2.8672800e+00   1.8725528e+00
   2.0500000e+02   3.1234959e+00   4.8984457e-01   4.8759110e-01   4.8524004e-01   2.1802413e+00
   2.0700000e+02   3.3660444e+00   1.7220773e+00   1.5332351e+00   1.2694849e+00   2.4335904e+00
   2.0900000e+02   4.5134844e+00   2.2883026e+00   2.5093071e+00   2.3756914e+00   3.5317450e+00
   2.1100000e+02   3.6117348e+00   1.5693978e+00   1.4065319e+00   1.2607822e+00   1.0198156e+00
   2.1300000e+02   2.5664945e+00   1.0499664e+00   1.0781369e+00   7.5363661e-01   1.0562650e+00
   2.1500000e+02   2.9248774e+00   1.5679306e+00   1.5002933e+00   1.0858879e+00   2.2849193e+00
   2.1700000e+02   3.7052138e+00   2.5080907e+00   2.6236938e+00   2.1345931e+00   2.4706614e+00
   2.1900000e+02   5.3038967e+00   3.1249282e+00   3.0304582e+00   2.9373673e+00   1.6209320e+00
   2.2100000e+02   4.2681036e+00   1.9934947e+00   1.9009915e+00   1.6833647e+00   3.7460060e+00
   2.2300000e+02   6.2974360e+00   4.3113121e+00   4.1799549e+00   3.7319052e+00   2.6911698e+00
   2.2500000e+02   4.7522562e+00   2.8002406e+00   2.8108964e+00   2.6047459e+00   6.2834411e-01
   2.2700000e+02   5.0784756e+00   2.4131216e+00   2.4596332e+00   2.1566510e+00   1.3598286e+00
   2.2900000e+02   2.9909579e+00   1.0020255e+00   8.3527827e-01   9.8218981e-01   7.5960344e-01
   2.3100000e+02   5.1950891e+00   2.3227434e+00   2.3240464e+00   2.1424343e+00   1.5102601e+00
   2.3300000e+02   7.4608851e+00   4.3012288e+00   4.6598101e+00   4.5162411e+00   3.4594794e+00
   2.3500000e+02   3.0872651e+00   4.8423570e-01   4.6922884e-01   5.5705649e-01   1.7272841e+00
   2.3700000e+02   3.2432104e+00   6.3141898e-01   6.5224197e-01   6.2583420e-01   5.9585029e-01
   2.3900000e+02   3.1811590e+00   8.8318518e-01   9.1966156e-01   1.0595098e+00   5.5233550e-01
   2.4100000e+02   3.5363570e+00   1.0401490e+00   9.9673704e-01   9.7861514e-01   2.0264910e+00
   2.4300000e+02   4.5862500e+00   1.7282567e+00   1.6485131e+00   1.8284749e+00   1.5364544e+00
   2.4500000e+02   2.6249274e+00   8.2615045e-01   7.9827208e-01   8.0313471e-01   1.8201079e+00
   2.4700000e+02   4.0158382e+00   2.4971368e+00   2.2951108e+00   2.4059957e+00   5.1256262e-01
   2.4900000e+02   3.9825999e+00   3.1450444e+00   2.4401867e+00   2.5551504e+00   2.0126330e+00
   2.5100000e+02   4.3898996e+00   1.9564112e+00   1.9928587e+00   1.9605989e+00   8.5341453e-01
   2.5300000e+02   4.8648500e+00   2.6377615e+00   2.4956234e+00   2.6955866e+00   2.4863628e+00
   2.5500000e+02   4.9485770e+00   2.7513495e+00   3.0384323e+00   2.4551947e+00   2.1183842e+00
   2.5700000e+02   2.5168219e+00   1.3901920e+00   1.3275400e+00   1.1885206e+00   1.8267784e+00
   2.5900000e+02   2.7889392e+00   1.3250101e+00   1.3673113e+00   1.3260897e+00   1.4192901e+00
   2.6100000e+02   3.7772566e+00   2.8501948e+00   2.5344633e+00   2.4622392e+00   1.5546246e+00
   2.6300000e+02   6.0341881e+00   4.4226784e+00   3.6924185e+00   3.3230793e+00   7.7460101e+00
   2.6500000e+02   4.6778534e+00   2.4385810e+00   2.5601696e+00   2.2895912e+00   1.4506982e+00
   2.6700000e+02   5.3154226e+00   2.4723204e+00   2.3136837e+00   2.3966675e+00   1.1317450e+00
   2.6900000e+02   5.4564263e+00   3.1434074e+00   3.1572262e+00   3.7426221e+00   1.2851655e+00
   2.7100000e+02   7.5947138e+00   5.2601572e+00   4.6706512e+00   4.4120704e+00   1.0466894e+00
   2.7300000e+02   4.7665461e+00   1.5751573e+00   1.7006762e+00   1.6413023e+00   1.1039032e+00
   2.7500000e+02   3.8859403e+00   9.9170552e-01   9.6870376e-01   1.0626538e+00   1.0216139e+00
   2.7700000e+02   6.5921625e+00   3.4826710e+00   3.6311923e+00   3.4411106e+00   1.7607707e+00
   2.7900000e+02   5.0581606e+00   1.3720506e+00   1.5132052e+00   1.5606789e+00   1.7257460e+00
   2.8100000e+02   4.0959204e+00   6.5167175e-01   6.1081156e-01   5.6714594e-01   9.3737949e-01
   2.8300000e+02   4.4569100e+00   9.9995568e-01   1.0359214e+00   9.1977338e-01   4.0508064e-01
   2.8500000e+02   6.1025544e+00   2.2961809e+00   2.4297243e+00   2.0187076e+00   1.6948517e+00
   2.8700000e+02   5.7007490e+00   1.4590461e+00   1.5598373e+00   1.3250317e+00   7.9905010e-01
   2.8900000e+02   5.6547664e+00   1.2519838e+00   1.3080103e+00   1.1246237e+00   1.9394412e+00
   2.9100000e+02   6.5344352e+00   1.9313126e+00   2.0566370e+00   1.8273643e+00   1.2424488e+00
   2.9300000e+02   4.9648647e+00   7.7909475e-01   8.5654813e-01   5.3101709e-01   1.6447876e+00
   2.9500000e+02   5.6427565e+00   4.2341816e-01   5.1291179e-01   4.1643846e-01   9.3332108e-01
   2.9700000e+02   6.3926575e+00   1.0276850e+00   1.0473702e+00   1.0149309e+00   1.5306670e+00
   2.9900000e+02   6.9625620e+00   1.9235468e+00   1.9176101e+00   1.7052199e+00   2.9473947e+00
   3.0100000e+02   6.6837005e+00   7.4538937e-01   6.7252263e-01   5.9898651e-01   2.1453744e+00
   3.0300000e+02   5.8169202e+00   8.6669667e-01   8.7391988e-01   9.7100315e-01   1.7117010e+00
   3.0500000e+02   6.4466572e+00   2.1458537e+00   2.0368425e+00   2.3243411e+00   2.7864693e+00
   3.0700000e+02   7.1317263e+00   2.9541273e+00   2.9246008e+00   3.1670062e+00   1.7949866e+00
   3.0900000e+02   5.9289118e+00   1.1128697e+00   1.1292949e+00   1.0332762e+00   1.1187045e+00
   3.1100000e+02   4.9679681e+00   5.7527174e-01   5.4544584e-01   5.3721263e-01   3.7220345e+00
   3.1300000e+02   6.9900118e+00   1.2687698e+00   1.2939604e+00   1.2215375e+00   8.6683114e-01
   3.1500000e+02   8.1504328e+00   2.8004372e+00   2.7907310e+00   2.6177817e+00   9.4717581e-01
   3.1700000e+02   6.0432307e+00   8.4208122e-01   7.7571807e-01   6.9490635e-01   9.9373235e-01
   3.1900000e+02   8.6252771e+00   2.8749240e+00   3.0091606e+00   2.7762851e+00   4.9758315e-01
   3.2100000e+02   8.6630689e+00   3.4185521e+00   3.4788249e+00   3.4087177e+00   1.1127295e+00
   3.2300000e+02   8.3616745e+00   3.0515867e+00   3.2376901e+00   3.2243557e+00   9.2261528e-01
   3.2500000e+02   8.1595578e+00   2.1048098e+00   1.9467586e+00   1.8532294e+00   2.1347877e+00
   3.2700000e+02   7.0710335e+00   1.6435838e+00   1.6043278e+00   1.7430925e+00   1.0021104e+00
   3.2900000e+02   7.0799075e+00   2.6159633e+00   2.4112301e+00   2.2647009e+00   2.5212237e+00
   3.3100000e+02   6.3335290e+00   2.5213619e+00   2.2924556e+00   2.4508545e+00   2.5731480e+00
   3.3300000e+02   7.2349026e+00   2.7030320e+00   2.7510579e+00   2.6871693e+00   2.0582351e+00
   3.3500000e+02   6.7394740e+00   2.7232558e+00   2.7599953e+00   2.9038554e+00   2.3573915e+00
   3.3700000e+02   7.3917205e+00   3.1487297e+00   3.2983956e+00   2.9490849e+00   2.8877108e+00
   3.3900000e+02   5.7224140e+00   2.3952497e+00   2.4197465e+00   1.6891921e+00   1.1070080e+00
   3.4100000e+02   5.0240057e+00   1.5796582e+00   1.5411973e+00   1.1418665e+00   8.4948447e-01
   3.4300000e+02   4.8328431e+00   1.3486905e+00   1.2344132e+00   9.9455824e-01   2.1547029e+00
   3.4500000e+02   6.4863785e+00   1.8621206e+00   2.2483739e+00   1.8684395e+00   1.2361564e+00
   3.4700000e+02   6.3144020e+00   2.3252647e+00   2.1028329e+00   1.8990726e+00   1.2174875e+00
   3.4900000e+02   6.3889698e+00   1.4383648e+00   1.6755650e+00   1.6992223e+00   2.6116419e+00
   3.5100000e+02   6.0817168e+00   1.1183238e+00   9.9507632e-01   1.0606404e+00   4.8808880e+00
   3.5300000e+02   7.4537830e+00   2.5498580e+00   2.2664426e+00   2.1436985e+00   2.3325885e+00
   3.5500000e+02   5.9762140e+00   6.4978413e-01   7.4300129e-01   8.7131593e-01   9.8698817e-01
   3.5700000e+02   7.7589952e+00   1.3952702e+00   1.4363293e+00   1.2504043e+00   2.7640910e+00
   3.5900000e+02   6.4561442e+00   1.1318131e+00   1.0591468e+00   1.0780611e+00   7.0798436e-01
   3.6100000e+02   6.9674459e+00   1.9314896e+00   1.6887058e+00   1.8937091e+00   8.9776221e-01
   3.6300000e+02   6.8352350e+00   1.6191124e+00   1.4571503e+00   1.6217995e+00   1.2096755e+00
   3.6500000e+02   1.1188621e+01   6.3594152e+00   5.8188470e+00   6.2078313e+00   2.2679423e+00
   3.6700000e+02   8.1191967e+00   4.1993689e+00   4.3456063e+00   4.0926842e+00   2.0928149e+00
   3.6900000e+02   6.9092915e+00   2.5542591e+00   2.2428064e+00   2.3966781e+00   2.4527556e+00
   3.7100000e+02   9.1885187e+00   4.6226425e+00   3.9501686e+00   4.4534577e+00   2.8398663e+00
   3.7300000e+02   9.5379045e+00   4.3414114e+00   3.8339864e+00   4.2236314e+00   1.8562039e+00
   3.7500000e+02   9.5498338e+00   3.9958332e+00   3.3402577e+00   3.4602766e+00   1.8186485e+00
   3.7700000e+02   9.8707108e+00   4.0624010e+00   3.7038919e+00   4.0313346e+00   3.2468673e+00
   3.7900000e+02   9.1273965e+00   2.8001147e+00   2.6779129e+00   2.9375388e+00   1.2298762e+00
   3.8100000e+02   7.7792202e+00   1.7782307e+00   1.4984878e+00   1.6138587e+00   9.9558287e-01
   3.8300000e+02   1.2065504e+01   4.3933301e+00   4.2412609e+00   3.9128305e+00   1.4686878e+00
   3.8500000e+02   8.2540180e+00   1.5341641e+00   1.5319426e+00   1.4147294e+00   4.2914493e+00
   3.8700000e+02   8.9048968e+00   2.3025973e+00   1.9215990e+00   1.9053690e+00   2.1087267e+00
   3.8900000e+02   9.9616190e+00   2.1618594e+00   1.9595257e+00   1.9579126e+00   3.7430117e+00
   3.9100000e+02   9.3491556e+00   2.2708821e+00   2.4052941e+00   1.9525430e+00   4.0728911e+00
   3.9300000e+02   5.8895014e+00   4.1262811e-01   4.4011567e-01   5.5345902e-01   3.0487675e+00
   3.9500000e+02   7.1318277e+00   2.1693648e+00   2.0344068e+00   1.8116545e+00   5.1530088e-01
   3.9700000e+02   8.7353075e+00   2.4877404e+00   2.4544596e+00   2.2574540e+00   1.0869612e+00
   3.9900000e+02   6.5142480e+00   1.4036675e+00   1.1136564e+00   9.6338690e-01   3.5438521e+00
