   5.0000000e+00   2.8581873e-02   2.7610285e-02   2.7753623e-02   2.8331033e-02   2.7981238e-02
   7.0000000e+00   3.6648140e-02   5.3653028e-02   5.4353415e-02   5.7129780e-02   4.5186764e-02
   9.0000000e+00   3.7287418e-02   6.4413607e-02   6.5924958e-02   7.0568080e-02   6.2490074e-02
   1.1000000e+01   5.4457276e-02   8.5667244e-02   8.6203156e-02   9.0856984e-02   8.9942515e-02
   1.3000000e+01   9.1968938e-02   1.1217569e-01   1.1340211e-01   1.1869721e-01   1.1776227e-01
   1.5000000e+01   1.0777191e-01   1.2656010e-01   1.2731193e-01   1.3337349e-01   1.2595748e-01
   1.7000000e+01   7.8161065e-02   1.4575612e-01   1.4585511e-01   1.5123744e-01   1.4479046e-01
   1.9000000e+01   5.8793966e-02   1.5289891e-01   1.5239788e-01   1.5783184e-01   1.6087176e-01
   2.1000000e+01   8.0286313e-02   1.6732079e-01   1.6682396e-01   1.7186697e-01   1.7722413e-01
   2.3000000e+01   9.6991215e-02   1.7551585e-01   1.8028856e-01   1.8777557e-01   1.7716641e-01
   2.5000000e+01   2.2075740e-01   2.0868217e-01   2.1787536e-01   2.2746179e-01   1.9312396e-01
   2.7000000e+01   1.7465962e-01   1.8375685e-01   1.9355770e-01   2.0275731e-01   1.9090525e-01
   2.9000000e+01   1.6769006e-01   1.7588451e-01   1.8855498e-01   1.9636601e-01   1.7311624e-01
   3.1000000e+01   1.6880976e-01   1.9581726e-01   2.0689184e-01   2.1418618e-01   1.9058568e-01
   3.3000000e+01   2.1218907e-01   1.9845009e-01   2.1102293e-01   2.1896709e-01   1.9479316e-01
   3.5000000e+01   1.3884643e-01   2.0908212e-01   2.1928658e-01   2.2726032e-01   1.8996926e-01
   3.7000000e+01   1.1188240e-01   2.1669229e-01   2.2124343e-01   2.3354838e-01   1.7277135e-01
   3.9000000e+01   1.6665097e-01   2.0249282e-01   2.1128641e-01   2.2076742e-01   1.8867375e-01
   4.1000000e+01   2.5400233e-01   2.2336502e-01   2.2953645e-01   2.3808711e-01   1.9822783e-01
   4.3000000e+01   2.7456557e-01   2.4552279e-01   2.5492379e-01   2.6264859e-01   2.0855351e-01
   4.5000000e+01   2.6945953e-01   2.5682884e-01   2.6329247e-01   2.7123965e-01   2.4188175e-01
   4.7000000e+01   3.0867402e-01   2.1845890e-01   2.2377703e-01   2.3185706e-01   2.3423648e-01
   4.9000000e+01   3.9461613e-01   2.6131231e-01   2.6258815e-01   2.6639491e-01   1.9243738e-01
   5.1000000e+01   4.5382198e-01   2.6856812e-01   2.6470547e-01   2.6863274e-01   2.2806287e-01
   5.3000000e+01   4.0216144e-01   2.6958830e-01   2.6673399e-01   2.7128505e-01   2.4239379e-01
   5.5000000e+01   3.5091338e-01   2.5042007e-01   2.5242231e-01   2.5738703e-01   2.1878562e-01
   5.7000000e+01   3.0576696e-01   2.4946344e-01   2.5450369e-01   2.6066238e-01   2.6321383e-01
   5.9000000e+01   2.5533173e-01   2.5112083e-01   2.5583859e-01   2.5896872e-01   2.4285265e-01
   6.1000000e+01   2.5208852e-01   2.3010162e-01   2.3516745e-01   2.3843332e-01   2.5896700e-01
   6.3000000e+01   2.4785088e-01   1.7943500e-01   1.8189624e-01   1.8630616e-01   2.0112371e-01
   6.5000000e+01   2.9522266e-01   2.0690712e-01   2.0878566e-01   2.1003737e-01   2.0489779e-01
   6.7000000e+01   2.7228611e-01   1.9054243e-01   1.9349862e-01   1.9398490e-01   1.9699926e-01
   6.9000000e+01   2.3745827e-01   1.7054904e-01   1.7365476e-01   1.7477526e-01   1.8263047e-01
   7.1000000e+01   2.2276227e-01   1.6006846e-01   1.6274025e-01   1.6288510e-01   1.6885798e-01
   7.3000000e+01   1.7412573e-01   1.3318397e-01   1.3615301e-01   1.3505913e-01   1.3811908e-01
   7.5000000e+01   1.6263889e-01   1.2209140e-01   1.2395053e-01   1.2083255e-01   1.2411296e-01
   7.7000000e+01   1.2900778e-01   1.0677983e-01   1.0819642e-01   1.0552671e-01   9.9537294e-02
   7.9000000e+01   1.0044399e-01   8.7837609e-02   8.9074349e-02   8.7077271e-02   7.9170363e-02
   8.1000000e+01   9.5221490e-02   7.8859514e-02   8.0256913e-02   7.9178096e-02   7.6070714e-02
   8.3000000e+01   6.3456096e-02   5.8976766e-02   6.0221779e-02   6.0696141e-02   6.3710600e-02
   8.5000000e+01   3.7880349e-02   3.5746589e-02   3.6742275e-02   3.7938793e-02   3.9093040e-02
   8.7000000e+01   2.2785426e-02   2.3929710e-02   2.4562889e-02   2.5976369e-02   2.6335178e-02
   8.9000000e+01   4.4356346e-02   3.5992829e-02   3.6648524e-02   3.5719820e-02   3.4244058e-02
   9.1000000e+01   4.2791750e-02   3.1996163e-02   3.3998711e-02   3.2445701e-02   4.2252428e-02
   9.3000000e+01   5.9729068e-02   4.8543143e-02   5.0984268e-02   5.1307974e-02   5.6747774e-02
   9.5000000e+01   1.0071568e-01   6.3655205e-02   6.6722851e-02   6.8139631e-02   7.1093647e-02
   9.7000000e+01   1.5519247e-01   9.3489516e-02   9.5813114e-02   9.8318384e-02   1.0248043e-01
   9.9000000e+01   1.8025197e-01   1.1562354e-01   1.1718808e-01   1.2204803e-01   1.1218868e-01
   1.0100000e+02   1.8055312e-01   1.1441346e-01   1.1538968e-01   1.1976072e-01   1.2576001e-01
   1.0300000e+02   1.9003298e-01   1.3630856e-01   1.3599509e-01   1.4096889e-01   1.2716549e-01
   1.0500000e+02   1.9438600e-01   1.6486698e-01   1.6671221e-01   1.7311311e-01   1.6799134e-01
   1.0700000e+02   2.4316675e-01   1.8008665e-01   1.8261855e-01   1.8812845e-01   1.9219825e-01
   1.0900000e+02   2.9505301e-01   2.0187771e-01   2.0563677e-01   2.1269595e-01   2.0537796e-01
   1.1100000e+02   3.2817304e-01   2.2782254e-01   2.3208736e-01   2.3991929e-01   2.3191060e-01
   1.1300000e+02   3.7224193e-01   2.0835148e-01   2.1350159e-01   2.2071438e-01   2.2087696e-01
   1.1500000e+02   3.3957240e-01   2.1735655e-01   2.2213211e-01   2.2988804e-01   2.1624402e-01
   1.1700000e+02   3.3882074e-01   2.2298262e-01   2.2725631e-01   2.3386677e-01   2.3618447e-01
   1.1900000e+02   3.3234774e-01   2.0797694e-01   2.1362523e-01   2.1993170e-01   2.2056586e-01
   1.2100000e+02   3.4094773e-01   2.1557782e-01   2.2094292e-01   2.2736394e-01   2.1410041e-01
   1.2300000e+02   3.5690703e-01   2.4411075e-01   2.4967503e-01   2.5656981e-01   2.4779984e-01
   1.2500000e+02   3.4179198e-01   2.4514102e-01   2.5254269e-01   2.6049671e-01   2.4741675e-01
   1.2700000e+02   3.7706724e-01   2.4014253e-01   2.4323986e-01   2.5112696e-01   2.2628888e-01
   1.2900000e+02   3.6965353e-01   2.3883551e-01   2.4235589e-01   2.4967821e-01   2.4118508e-01
   1.3100000e+02   3.8851434e-01   2.5443679e-01   2.5763327e-01   2.6413528e-01   2.4754248e-01
   1.3300000e+02   3.6817889e-01   2.4877741e-01   2.5327989e-01   2.6038798e-01   2.5646960e-01
   1.3500000e+02   3.4258772e-01   2.3639544e-01   2.4257788e-01   2.5040831e-01   2.6647477e-01
   1.3700000e+02   3.7599071e-01   2.4911363e-01   2.5281358e-01   2.5912910e-01   2.3813240e-01
   1.3900000e+02   3.6960656e-01   2.3966555e-01   2.4348037e-01   2.4893620e-01   2.5174471e-01
   1.4100000e+02   3.3804362e-01   2.1819497e-01   2.2212186e-01   2.2733644e-01   2.2583237e-01
   1.4300000e+02   3.1251034e-01   2.0875680e-01   2.1359576e-01   2.1845532e-01   2.2173981e-01
   1.4500000e+02   2.8770430e-01   1.9337537e-01   1.9741534e-01   2.0226339e-01   2.1229154e-01
   1.4700000e+02   2.9802646e-01   2.1091214e-01   2.1485939e-01   2.1851619e-01   2.1251676e-01
   1.4900000e+02   2.8226952e-01   1.8596688e-01   1.8876427e-01   1.9490131e-01   1.9592228e-01
   1.5100000e+02   2.4652984e-01   1.7264579e-01   1.7645288e-01   1.8110602e-01   1.7179514e-01
   1.5300000e+02   2.3614552e-01   1.6013198e-01   1.6284079e-01   1.6667626e-01   1.6456987e-01
   1.5500000e+02   2.1341498e-01   1.6092634e-01   1.6434978e-01   1.6693359e-01   1.5274495e-01
   1.5700000e+02   1.8458468e-01   1.3607008e-01   1.3852421e-01   1.4232308e-01   1.4108123e-01
   1.5900000e+02   1.5289528e-01   1.0972399e-01   1.1180707e-01   1.1515928e-01   1.2615354e-01
   1.6100000e+02   1.3199409e-01   1.0919913e-01   1.1142310e-01   1.1208562e-01   1.1884866e-01
   1.6300000e+02   1.0149574e-01   7.9790317e-02   8.1424377e-02   8.2373752e-02   9.3385223e-02
   1.6500000e+02   7.1893237e-02   5.6324544e-02   5.7063122e-02   5.6957247e-02   6.7980604e-02
   1.6700000e+02   4.1604827e-02   3.4312903e-02   3.5292689e-02   3.4307749e-02   5.1712670e-02
   1.6900000e+02   2.1244702e-02   2.0733708e-02   2.0966671e-02   2.0782960e-02   2.8686684e-02
   1.7100000e+02   1.2507057e-02   8.9738118e-03   8.9706341e-03   9.6418949e-03   6.2849970e-03
   1.7300000e+02   3.0332198e-02   2.8177690e-02   2.8581582e-02   3.0040657e-02   2.4079334e-02
   1.7500000e+02   6.6207356e-02   5.9325714e-02   6.0024339e-02   6.0579929e-02   6.3729908e-02
   1.7700000e+02   8.6906009e-02   6.9822241e-02   7.1548306e-02   7.2708174e-02   8.4345010e-02
   1.7900000e+02   9.9546406e-02   8.1547948e-02   8.3475085e-02   8.6851306e-02   9.7245415e-02
   1.8100000e+02   1.1380322e-01   9.8513011e-02   1.0081124e-01   1.0453977e-01   1.2005568e-01
   1.8300000e+02   1.4247614e-01   1.1995073e-01   1.2135393e-01   1.2431843e-01   1.2390460e-01
   1.8500000e+02   1.7021359e-01   1.3828306e-01   1.4094427e-01   1.4590191e-01   1.4490957e-01
   1.8700000e+02   1.9163157e-01   1.4396811e-01   1.4641756e-01   1.5157679e-01   1.5119704e-01
   1.8900000e+02   2.3269301e-01   1.7004576e-01   1.7382710e-01   1.7914701e-01   1.8321895e-01
   1.9100000e+02   2.2598447e-01   1.7074454e-01   1.7630078e-01   1.8109962e-01   2.0040031e-01
   1.9300000e+02   2.3830209e-01   1.9034586e-01   1.9423533e-01   1.9957252e-01   2.0043774e-01
   1.9500000e+02   2.5158236e-01   2.0036386e-01   2.0433366e-01   2.1175532e-01   2.1089638e-01
   1.9700000e+02   2.9352694e-01   2.2973770e-01   2.3291746e-01   2.3821152e-01   2.5410748e-01
   1.9900000e+02   3.2332275e-01   2.4805901e-01   2.5339787e-01   2.6027529e-01   2.5337321e-01
   2.0100000e+02   3.6075683e-01   2.5511218e-01   2.6032821e-01   2.6707073e-01   2.7266992e-01
   2.0300000e+02   3.8872646e-01   2.5523635e-01   2.6182546e-01   2.7064973e-01   2.6678344e-01
   2.0500000e+02   3.9322468e-01   2.5292617e-01   2.5838643e-01   2.6616359e-01   2.8650982e-01
   2.0700000e+02   3.3410660e-01   2.1795497e-01   2.2408902e-01   2.2905543e-01   2.4668304e-01
   2.0900000e+02   3.4328488e-01   2.1930509e-01   2.2499955e-01   2.2988036e-01   2.4967001e-01
   2.1100000e+02   3.9822178e-01   2.8547645e-01   2.9105884e-01   2.9757250e-01   2.8281076e-01
   2.1300000e+02   3.2941332e-01   2.4172456e-01   2.4966884e-01   2.5558999e-01   2.8727257e-01
   2.1500000e+02   3.2318354e-01   2.4520469e-01   2.5193126e-01   2.5772864e-01   2.6535676e-01
   2.1700000e+02   2.8514567e-01   2.2269914e-01   2.2937619e-01   2.3522704e-01   2.6129828e-01
   2.1900000e+02   3.4645495e-01   2.7305204e-01   2.7824126e-01   2.8348068e-01   2.7842936e-01
   2.2100000e+02   3.4126087e-01   2.6345355e-01   2.6813753e-01   2.7389039e-01   2.8341845e-01
   2.2300000e+02   3.2560393e-01   2.4705061e-01   2.5360303e-01   2.5952101e-01   2.6071098e-01
   2.2500000e+02   3.0544953e-01   2.3211214e-01   2.3837284e-01   2.4304744e-01   2.4604376e-01
   2.2700000e+02   3.1578265e-01   2.3437917e-01   2.3864027e-01   2.4383258e-01   2.5568336e-01
   2.2900000e+02   2.7993136e-01   2.0396837e-01   2.0930675e-01   2.1404160e-01   2.0549663e-01
   2.3100000e+02   2.9758497e-01   2.1060625e-01   2.1434990e-01   2.1803389e-01   2.0042371e-01
   2.3300000e+02   2.8880404e-01   2.0600000e-01   2.0941914e-01   2.1329411e-01   2.1822503e-01
   2.3500000e+02   2.4242509e-01   1.6624839e-01   1.6919937e-01   1.7363610e-01   1.7646556e-01
   2.3700000e+02   2.2727469e-01   1.6343103e-01   1.6687882e-01   1.6976517e-01   1.6725678e-01
   2.3900000e+02   1.8801277e-01   1.3501473e-01   1.3842779e-01   1.4057603e-01   1.5410700e-01
   2.4100000e+02   1.8034658e-01   1.3634791e-01   1.3896674e-01   1.3934749e-01   1.3163190e-01
   2.4300000e+02   1.4063038e-01   1.0748526e-01   1.0918433e-01   1.0944106e-01   1.1107845e-01
   2.4500000e+02   1.0655532e-01   8.3527068e-02   8.5515946e-02   8.5544932e-02   8.9851731e-02
   2.4700000e+02   9.7788995e-02   7.5426818e-02   7.6558081e-02   7.6807119e-02   7.1273590e-02
   2.4900000e+02   7.3698522e-02   5.7878394e-02   5.8809448e-02   6.0265553e-02   5.6384245e-02
   2.5100000e+02   5.9481991e-02   5.2966836e-02   5.2609925e-02   5.3052963e-02   4.0776702e-02
   2.5300000e+02   4.0236688e-02   4.0222294e-02   3.9495409e-02   4.3163758e-02   4.4724530e-02
   2.5500000e+02   2.1762131e-02   2.4109046e-02   2.3712145e-02   2.5566419e-02   3.3216986e-02
   2.5700000e+02   3.9625284e-02   3.4888598e-02   3.5149093e-02   3.7976609e-02   3.8605092e-02
   2.5900000e+02   6.5412988e-02   5.3269823e-02   5.4446925e-02   5.9223799e-02   6.3029807e-02
   2.6100000e+02   9.0969115e-02   7.2371724e-02   7.4502770e-02   7.9738697e-02   7.7733806e-02
   2.6300000e+02   1.1437611e-01   8.9430456e-02   9.2535844e-02   1.0012475e-01   9.4865604e-02
   2.6500000e+02   1.4144792e-01   1.1089748e-01   1.1400663e-01   1.2177469e-01   1.2227021e-01
   2.6700000e+02   1.7837648e-01   1.2812293e-01   1.3097943e-01   1.3920448e-01   1.3363590e-01
   2.6900000e+02   1.8600400e-01   1.3878759e-01   1.4439631e-01   1.5414641e-01   1.5319955e-01
   2.7100000e+02   2.3027393e-01   1.5107591e-01   1.5668075e-01   1.6432461e-01   1.6907466e-01
   2.7300000e+02   2.5797508e-01   1.7019472e-01   1.7500831e-01   1.7896208e-01   1.9347047e-01
   2.7500000e+02   2.7252570e-01   1.8449681e-01   1.8917717e-01   1.9305851e-01   2.0740477e-01
   2.7700000e+02   2.8457514e-01   1.8470592e-01   1.8840558e-01   1.9182568e-01   2.0658843e-01
   2.7900000e+02   3.2643594e-01   2.2464338e-01   2.3034164e-01   2.3462034e-01   2.2893580e-01
   2.8100000e+02   3.4709290e-01   2.2969816e-01   2.3598208e-01   2.4116836e-01   2.3574869e-01
   2.8300000e+02   3.6924497e-01   2.3808253e-01   2.4355827e-01   2.4884781e-01   2.4722312e-01
   2.8500000e+02   3.7485379e-01   2.3561061e-01   2.4170690e-01   2.4600449e-01   2.4474217e-01
   2.8700000e+02   4.2743839e-01   2.6774260e-01   2.7441310e-01   2.7943220e-01   2.5888776e-01
   2.8900000e+02   4.2276528e-01   2.6917325e-01   2.7641974e-01   2.8181003e-01   2.8865393e-01
   2.9100000e+02   4.2526764e-01   2.5220482e-01   2.5821674e-01   2.6432988e-01   2.8264152e-01
   2.9300000e+02   4.2443481e-01   2.4302583e-01   2.5013013e-01   2.5643931e-01   2.6970180e-01
   2.9500000e+02   4.8351901e-01   2.7960300e-01   2.8626959e-01   2.9345585e-01   2.9536308e-01
   2.9700000e+02   4.9214964e-01   2.6981188e-01   2.7588598e-01   2.8356777e-01   2.7682989e-01
   2.9900000e+02   4.7156194e-01   2.6198061e-01   2.6605254e-01   2.7486753e-01   2.8063799e-01
   3.0100000e+02   4.9239855e-01   2.9524313e-01   3.0081329e-01   3.0755626e-01   2.8716654e-01
   3.0300000e+02   4.5136996e-01   2.7576780e-01   2.8132626e-01   2.8670857e-01   2.9147000e-01
   3.0500000e+02   4.3600612e-01   2.5388302e-01   2.5991942e-01   2.6606041e-01   2.8310295e-01
   3.0700000e+02   3.8347589e-01   2.1890171e-01   2.2440158e-01   2.3293348e-01   2.2471817e-01
   3.0900000e+02   3.8670599e-01   2.3926780e-01   2.4430474e-01   2.5106015e-01   2.4880035e-01
   3.1100000e+02   3.6161673e-01   2.2979346e-01   2.3388914e-01   2.4021632e-01   2.5153994e-01
   3.1300000e+02   3.6700288e-01   2.3579334e-01   2.3839430e-01   2.4362393e-01   2.4257290e-01
   3.1500000e+02   3.4474226e-01   2.2167060e-01   2.2487744e-01   2.2925185e-01   2.2956804e-01
   3.1700000e+02   3.1945508e-01   1.9913380e-01   2.0111977e-01   2.0563108e-01   2.0471567e-01
   3.1900000e+02   3.0002753e-01   1.9666218e-01   1.9980045e-01   2.0364210e-01   1.8666233e-01
   3.2100000e+02   2.7465360e-01   1.7370724e-01   1.7560580e-01   1.7979409e-01   1.7368615e-01
   3.2300000e+02   2.3657933e-01   1.4767078e-01   1.4901256e-01   1.5375971e-01   1.4963844e-01
   3.2500000e+02   2.1793436e-01   1.4602042e-01   1.4766882e-01   1.4995971e-01   1.3154832e-01
   3.2700000e+02   1.8219126e-01   1.2027585e-01   1.2136329e-01   1.2403024e-01   1.1662887e-01
   3.2900000e+02   1.4985490e-01   1.0290897e-01   1.0345366e-01   1.0406746e-01   9.5124191e-02
   3.3100000e+02   1.1455691e-01   7.9603287e-02   8.0009275e-02   8.3925077e-02   7.6769910e-02
   3.3300000e+02   9.2424864e-02   6.9313678e-02   6.9947349e-02   7.0524010e-02   6.3222334e-02
   3.3500000e+02   5.4661948e-02   4.4000235e-02   4.3859043e-02   4.4990675e-02   4.4284496e-02
   3.3700000e+02   4.2939466e-02   4.1686011e-02   4.1908854e-02   3.9864078e-02   4.2182152e-02
   3.3900000e+02   3.3131218e-02   3.3089535e-02   3.2876634e-02   3.0280230e-02   3.1337520e-02
   3.4100000e+02   5.6387038e-02   4.0071877e-02   4.0818469e-02   4.1029586e-02   3.7819030e-02
   3.4300000e+02   8.2748314e-02   5.3709562e-02   5.5190554e-02   5.9425516e-02   6.9769467e-02
   3.4500000e+02   1.1516184e-01   8.0655431e-02   8.2098302e-02   8.5513790e-02   8.8448652e-02
   3.4700000e+02   1.3923099e-01   8.7851267e-02   9.0481906e-02   9.4466155e-02   1.0154640e-01
   3.4900000e+02   1.7644809e-01   1.0098540e-01   1.0309998e-01   1.0963162e-01   1.2182396e-01
   3.5100000e+02   2.1620612e-01   1.2362409e-01   1.2634753e-01   1.3158123e-01   1.3776278e-01
   3.5300000e+02   2.3940747e-01   1.3660383e-01   1.3765127e-01   1.4274969e-01   1.5172131e-01
   3.5500000e+02   2.7271719e-01   1.6261269e-01   1.6580248e-01   1.7294970e-01   1.7260843e-01
   3.5700000e+02   3.1458057e-01   1.8789897e-01   1.9153047e-01   1.9992216e-01   2.0087756e-01
   3.5900000e+02   3.1486054e-01   1.8828448e-01   1.9148572e-01   1.9815955e-01   2.0765651e-01
   3.6100000e+02   3.4239026e-01   2.0693931e-01   2.1030189e-01   2.1736763e-01   2.0808360e-01
   3.6300000e+02   3.6002843e-01   2.1149000e-01   2.1429946e-01   2.1975415e-01   2.1814687e-01
   3.6500000e+02   3.8604263e-01   2.4667796e-01   2.4807134e-01   2.5714204e-01   2.3374037e-01
   3.6700000e+02   3.4348193e-01   2.0348992e-01   2.0759699e-01   2.1344563e-01   2.3874473e-01
   3.6900000e+02   3.7411343e-01   2.2380194e-01   2.2826618e-01   2.3423325e-01   2.4344697e-01
   3.7100000e+02   3.7660824e-01   2.2043428e-01   2.2487759e-01   2.3270135e-01   2.3905768e-01
   3.7300000e+02   4.0195372e-01   2.4409834e-01   2.4790123e-01   2.5531129e-01   2.5510290e-01
   3.7500000e+02   4.3216765e-01   2.6679780e-01   2.7122386e-01   2.7838221e-01   2.6448170e-01
   3.7700000e+02   4.3914613e-01   2.6946426e-01   2.7262508e-01   2.8050346e-01   2.7476623e-01
   3.7900000e+02   4.4497398e-01   2.7808127e-01   2.8422097e-01   2.9096608e-01   2.9955568e-01
   3.8100000e+02   4.4000497e-01   2.6926435e-01   2.7534795e-01   2.8183763e-01   2.8784872e-01
   3.8300000e+02   4.7820529e-01   3.0580048e-01   3.1021552e-01   3.1696701e-01   2.9300525e-01
   3.8500000e+02   4.3900471e-01   2.6591214e-01   2.7222789e-01   2.7869046e-01   2.9893543e-01
   3.8700000e+02   4.3431478e-01   2.7355298e-01   2.8010600e-01   2.8765839e-01   2.6526614e-01
   3.8900000e+02   4.6022964e-01   2.9962019e-01   3.0636124e-01   3.1161523e-01   3.1289810e-01
   3.9100000e+02   4.1412241e-01   2.6900921e-01   2.7387748e-01   2.7847144e-01   2.7769717e-01
   3.9300000e+02   3.5651045e-01   2.2715656e-01   2.3094445e-01   2.3605531e-01   2.5179968e-01
   3.9500000e+02   3.4366241e-01   2.1538629e-01   2.2003754e-01   2.2494598e-01   2.2759400e-01
   3.9700000e+02   3.3058656e-01   2.1792721e-01   2.2152187e-01   2.2618420e-01   2.1728322e-01
   3.9900000e+02   2.9583897e-01   1.9092285e-01   1.9521499e-01   1.9972203e-01   2.1195530e-01
