   5.0000000e+00   1.3675467e-01   1.0493456e-01   1.0054815e-01   1.0751147e-01
   7.0000000e+00   1.8151945e-01   1.4432049e-01   1.4068022e-01   1.4355536e-01
   9.0000000e+00   2.0056879e-01   1.2550088e-01   1.2160248e-01   1.2652763e-01
   1.1000000e+01   2.7037689e-01   1.4524701e-01   1.4158819e-01   1.4256598e-01
   1.3000000e+01   2.3783828e-01   1.5416365e-01   1.4796339e-01   1.5015033e-01
   1.5000000e+01   1.8832892e-01   1.2828442e-01   1.1211908e-01   1.1475047e-01
   1.7000000e+01   3.2792120e-01   1.4445842e-01   1.2950259e-01   1.3541624e-01
   1.9000000e+01   3.6708044e-01   1.4746379e-01   1.3803460e-01   1.3861430e-01
   2.1000000e+01   3.2697567e-01   1.3398595e-01   1.3033516e-01   1.2747672e-01
   2.3000000e+01   3.4173165e-01   1.2319120e-01   1.2132536e-01   1.1937498e-01
   2.5000000e+01   2.3566395e-01   1.4868480e-01   1.5162612e-01   1.5175452e-01
   2.7000000e+01   3.2166574e-01   1.5503096e-01   1.5973282e-01   1.5530658e-01
   2.9000000e+01   3.0585203e-01   1.3290013e-01   1.5145227e-01   1.4914775e-01
   3.1000000e+01   3.5694745e-01   1.8473049e-01   1.9739029e-01   1.9423702e-01
   3.3000000e+01   3.8233546e-01   1.3461356e-01   1.5387214e-01   1.5144528e-01
   3.5000000e+01   3.3179114e-01   1.6230989e-01   1.6184737e-01   1.6539681e-01
   3.7000000e+01   3.5235747e-01   1.7404021e-01   1.7268415e-01   1.8165007e-01
   3.9000000e+01   3.3159763e-01   1.7802512e-01   1.9451151e-01   1.9183123e-01
   4.1000000e+01   2.1000160e-01   1.3752672e-01   1.5221690e-01   1.4030972e-01
   4.3000000e+01   2.1633182e-01   1.8207315e-01   1.9262112e-01   1.9225400e-01
   4.5000000e+01   2.7281168e-01   1.6804130e-01   1.6711373e-01   1.6510082e-01
   4.7000000e+01   2.0599737e-01   1.1342204e-01   9.2885263e-02   9.3443754e-02
   4.9000000e+01   2.9716961e-01   2.5816862e-01   2.5916239e-01   2.5341794e-01
   5.1000000e+01   3.1425465e-01   1.2623963e-01   1.1193918e-01   1.0768252e-01
   5.3000000e+01   2.2878954e-01   8.6058676e-02   7.6886629e-02   7.6800703e-02
   5.5000000e+01   1.8484071e-01   1.3760414e-01   1.4919980e-01   1.4624534e-01
   5.7000000e+01   1.8717612e-01   8.2353999e-02   9.1484184e-02   8.3159608e-02
   5.9000000e+01   2.2768886e-01   1.6387059e-01   1.6398970e-01   1.6405615e-01
   6.1000000e+01   2.5002260e-01   1.3384973e-01   1.3850221e-01   1.4165445e-01
   6.3000000e+01   1.6798762e-01   1.6928976e-01   1.6775750e-01   1.6822888e-01
   6.5000000e+01   1.0214170e-01   1.0579524e-01   9.8268710e-02   9.9279984e-02
   6.7000000e+01   8.8825665e-02   1.0749557e-01   9.4284255e-02   9.6010575e-02
   6.9000000e+01   9.6106483e-02   9.6749027e-02   9.2720728e-02   9.2075843e-02
   7.1000000e+01   9.4026106e-02   1.0524397e-01   1.0314567e-01   1.0441827e-01
   7.3000000e+01   1.0391078e-01   8.0301318e-02   7.7503301e-02   8.3613465e-02
   7.5000000e+01   1.1536033e-01   1.1963521e-01   1.1819514e-01   1.2223373e-01
   7.7000000e+01   1.2193626e-01   8.5353853e-02   8.4236454e-02   8.5041696e-02
   7.9000000e+01   1.1420867e-01   8.3229384e-02   8.6447279e-02   8.2118641e-02
   8.1000000e+01   1.0388155e-01   9.4011798e-02   9.0900048e-02   9.8894141e-02
   8.3000000e+01   1.4818633e-01   1.2673848e-01   1.2802265e-01   1.3221202e-01
   8.5000000e+01   1.0414826e-01   9.4406842e-02   9.1081346e-02   9.2192094e-02
   8.7000000e+01   1.1326313e-01   1.0333468e-01   1.0412823e-01   1.0222739e-01
   8.9000000e+01   1.6387238e-01   1.5963173e-01   1.5911786e-01   1.6194565e-01
   9.1000000e+01   6.9985766e-02   1.0064372e-01   1.0068145e-01   9.2206234e-02
   9.3000000e+01   1.0884144e-01   1.0980805e-01   1.0898368e-01   1.0753083e-01
   9.5000000e+01   1.5747125e-01   1.1169218e-01   1.1294715e-01   1.0462531e-01
   9.7000000e+01   2.2541192e-01   1.0689104e-01   1.0675038e-01   9.7142826e-02
   9.9000000e+01   2.2470602e-01   1.2351520e-01   1.1958396e-01   1.2282206e-01
   1.0100000e+02   2.2464342e-01   1.0651561e-01   1.1039287e-01   1.1336910e-01
   1.0300000e+02   2.3225277e-01   1.0686138e-01   1.0422204e-01   1.0316430e-01
   1.0500000e+02   2.4240000e-01   1.0914194e-01   1.0330233e-01   1.1238519e-01
   1.0700000e+02   3.1055034e-01   1.0066742e-01   1.0139102e-01   1.0612709e-01
   1.0900000e+02   3.5435909e-01   1.0974398e-01   1.1168605e-01   1.1738111e-01
   1.1100000e+02   3.9664123e-01   1.3066692e-01   1.3132477e-01   1.3408386e-01
   1.1300000e+02   3.6964215e-01   9.7975227e-02   9.2100689e-02   9.1165949e-02
   1.1500000e+02   3.3628860e-01   6.4558240e-02   7.1319673e-02   6.4331169e-02
   1.1700000e+02   3.3097803e-01   1.3048766e-01   1.3043289e-01   1.3381671e-01
   1.1900000e+02   3.2491170e-01   1.2753946e-01   1.2850546e-01   1.3135540e-01
   1.2100000e+02   3.1283896e-01   1.0827699e-01   1.1591620e-01   1.1893884e-01
   1.2300000e+02   3.4030447e-01   1.1060985e-01   1.0921334e-01   1.0928602e-01
   1.2500000e+02   3.1326942e-01   1.1525763e-01   1.2146354e-01   1.2216314e-01
   1.2700000e+02   3.2213492e-01   1.1264496e-01   1.1304873e-01   1.1204568e-01
   1.2900000e+02   3.0483972e-01   9.3774543e-02   9.5433094e-02   9.7405235e-02
   1.3100000e+02   3.1180488e-01   9.0025275e-02   8.7944723e-02   8.8204742e-02
   1.3300000e+02   3.1779916e-01   1.1294247e-01   1.0726811e-01   1.0779933e-01
   1.3500000e+02   2.7590587e-01   1.2933321e-01   1.3134289e-01   1.2587978e-01
   1.3700000e+02   2.7749809e-01   1.2106080e-01   1.2060134e-01   1.1762940e-01
   1.3900000e+02   2.6252441e-01   1.1327907e-01   1.1639469e-01   1.1476990e-01
   1.4100000e+02   2.1885633e-01   1.2222637e-01   1.2503584e-01   1.2301015e-01
   1.4300000e+02   2.2653558e-01   9.5168074e-02   9.4417404e-02   9.3376808e-02
   1.4500000e+02   2.3965611e-01   1.1057975e-01   1.1040040e-01   1.0679650e-01
   1.4700000e+02   2.1320850e-01   9.5846634e-02   8.9622495e-02   8.5314017e-02
   1.4900000e+02   2.4756701e-01   1.4261007e-01   1.3912225e-01   1.3566237e-01
   1.5100000e+02   2.0624805e-01   1.5740786e-01   1.5697788e-01   1.6040306e-01
   1.5300000e+02   2.1072178e-01   1.0376266e-01   1.0021856e-01   1.0269630e-01
   1.5500000e+02   1.7333771e-01   1.3727785e-01   1.3593498e-01   1.3661581e-01
   1.5700000e+02   1.8050746e-01   1.1336791e-01   1.0927159e-01   1.0902244e-01
   1.5900000e+02   1.8718076e-01   1.2311413e-01   1.2112339e-01   1.1869978e-01
   1.6100000e+02   1.5286332e-01   1.1083094e-01   1.1082439e-01   1.0314326e-01
   1.6300000e+02   1.5582560e-01   1.1378500e-01   1.1081048e-01   1.0430395e-01
   1.6500000e+02   1.2737275e-01   8.8034790e-02   8.5720030e-02   8.0514144e-02
   1.6700000e+02   1.3516357e-01   1.1747547e-01   1.1659829e-01   1.1694432e-01
   1.6900000e+02   8.7383333e-02   6.0779935e-02   5.8599014e-02   5.6868677e-02
   1.7100000e+02   9.5359818e-02   9.3542508e-02   9.0185233e-02   9.3342009e-02
   1.7300000e+02   1.2808621e-01   1.2779955e-01   1.2648191e-01   1.2737253e-01
   1.7500000e+02   9.6892120e-02   1.0069964e-01   9.8950223e-02   9.5555400e-02
   1.7700000e+02   1.1354129e-01   1.0891748e-01   1.0808308e-01   9.8586548e-02
   1.7900000e+02   1.2494582e-01   1.2262895e-01   1.2042050e-01   1.1976262e-01
   1.8100000e+02   1.1768628e-01   9.7869188e-02   9.7713731e-02   9.6120691e-02
   1.8300000e+02   1.1479908e-01   1.1414293e-01   1.0796240e-01   1.0242258e-01
   1.8500000e+02   1.3724075e-01   1.2384982e-01   1.2296695e-01   1.2434049e-01
   1.8700000e+02   7.5048253e-02   5.5142522e-02   4.7530884e-02   3.6935740e-02
   1.8900000e+02   6.6548163e-02   7.8976840e-02   7.7250207e-02   7.6858053e-02
   1.9100000e+02   1.2379402e-01   1.2471446e-01   1.2472500e-01   1.2197720e-01
   1.9300000e+02   1.4458976e-01   1.0558699e-01   1.0264335e-01   9.4356703e-02
   1.9500000e+02   1.5097645e-01   9.6764467e-02   9.6263392e-02   9.9951740e-02
   1.9700000e+02   1.4688800e-01   9.8659463e-02   1.0164761e-01   1.0891721e-01
   1.9900000e+02   1.1995915e-01   1.0036845e-01   1.0100041e-01   1.0456280e-01
   2.0100000e+02   1.2781242e-01   1.1671985e-01   1.1628003e-01   1.1152071e-01
   2.0300000e+02   1.8052105e-01   1.1067438e-01   1.0447363e-01   1.0378191e-01
   2.0500000e+02   1.4679902e-01   1.3527777e-01   1.3354614e-01   1.2522194e-01
   2.0700000e+02   8.6969608e-02   1.2391734e-01   1.2140541e-01   1.1796530e-01
   2.0900000e+02   1.3179892e-01   1.1838335e-01   1.1812354e-01   1.1302827e-01
   2.1100000e+02   1.6330627e-01   1.3174151e-01   1.2802470e-01   1.2050150e-01
   2.1300000e+02   1.5224221e-01   1.3421010e-01   1.3251849e-01   1.3145605e-01
   2.1500000e+02   1.5513929e-01   1.1719747e-01   1.1536697e-01   1.0321531e-01
   2.1700000e+02   2.0219829e-01   1.3717564e-01   1.3374147e-01   1.2684890e-01
   2.1900000e+02   2.0342639e-01   1.2865949e-01   1.2705862e-01   1.2463986e-01
   2.2100000e+02   2.0325465e-01   1.4063526e-01   1.3856492e-01   1.3337020e-01
   2.2300000e+02   1.7557154e-01   1.3114326e-01   1.2778612e-01   1.2058312e-01
   2.2500000e+02   1.8560312e-01   1.0321667e-01   1.0120946e-01   1.0652732e-01
   2.2700000e+02   2.3018237e-01   1.5506738e-01   1.5557848e-01   1.5561027e-01
   2.2900000e+02   1.4180674e-01   1.1083527e-01   1.0777769e-01   1.1307820e-01
   2.3100000e+02   1.6044324e-01   1.1474821e-01   1.1460866e-01   1.1738275e-01
   2.3300000e+02   1.6188330e-01   1.3450635e-01   1.3376118e-01   1.3560801e-01
   2.3500000e+02   1.6656391e-01   1.1587636e-01   1.1611258e-01   1.2176320e-01
   2.3700000e+02   1.3367021e-01   8.7484223e-02   8.7656006e-02   9.4313685e-02
   2.3900000e+02   1.6063759e-01   1.2177549e-01   1.2068314e-01   1.2730086e-01
   2.4100000e+02   1.3038883e-01   1.0203457e-01   1.0382718e-01   1.1135311e-01
   2.4300000e+02   1.5973033e-01   1.0976187e-01   1.0995375e-01   1.1752978e-01
   2.4500000e+02   1.2544281e-01   8.4649632e-02   8.5588237e-02   9.9266514e-02
   2.4700000e+02   1.3532434e-01   1.1532403e-01   1.1541324e-01   1.1873233e-01
   2.4900000e+02   1.3975582e-01   1.3108865e-01   1.2990769e-01   1.3139380e-01
   2.5100000e+02   1.3816084e-01   1.3138639e-01   1.2990011e-01   1.2922673e-01
   2.5300000e+02   1.1026734e-01   9.9647974e-02   9.5382285e-02   1.0569416e-01
   2.5500000e+02   1.1167552e-01   1.0683584e-01   1.0358336e-01   1.1071536e-01
   2.5700000e+02   1.1514569e-01   1.1237271e-01   1.1045088e-01   1.1120225e-01
   2.5900000e+02   1.2590968e-01   1.2594419e-01   1.2438042e-01   1.2506617e-01
   2.6100000e+02   7.1527397e-02   9.6415003e-02   9.0946624e-02   9.3330218e-02
   2.6300000e+02   1.2599409e-01   1.2274735e-01   1.1926042e-01   1.1769384e-01
   2.6500000e+02   5.4299102e-02   9.6922001e-02   9.3759942e-02   9.6027717e-02
   2.6700000e+02   1.0409697e-01   1.1215177e-01   1.1044775e-01   1.1309951e-01
   2.6900000e+02   1.0207063e-01   9.9907169e-02   1.0050139e-01   1.1610273e-01
   2.7100000e+02   1.3425566e-01   1.2604357e-01   1.2647051e-01   1.3180174e-01
   2.7300000e+02   1.3538670e-01   1.3517543e-01   1.3372509e-01   1.3528093e-01
   2.7500000e+02   1.3337428e-01   1.3943011e-01   1.3798239e-01   1.4067205e-01
   2.7700000e+02   1.2591256e-01   1.4062321e-01   1.3873414e-01   1.4052301e-01
   2.7900000e+02   1.4080733e-01   8.9757610e-02   8.7302374e-02   9.6770065e-02
   2.8100000e+02   1.7108197e-01   8.7853324e-02   8.6573725e-02   8.8814902e-02
   2.8300000e+02   1.5842554e-01   8.0819804e-02   7.8594561e-02   7.7537935e-02
   2.8500000e+02   1.8735474e-01   7.3172706e-02   6.9111128e-02   6.6928738e-02
   2.8700000e+02   2.2623263e-01   1.2811416e-01   1.2713862e-01   1.2698995e-01
   2.8900000e+02   1.9716628e-01   8.5615066e-02   7.4480439e-02   8.1467326e-02
   2.9100000e+02   2.0519825e-01   1.3585998e-01   1.3561433e-01   1.3308065e-01
   2.9300000e+02   2.1554117e-01   1.1913929e-01   1.1399514e-01   1.1834997e-01
   2.9500000e+02   2.5642135e-01   8.7191675e-02   8.0482694e-02   8.2013109e-02
   2.9700000e+02   2.8406817e-01   9.9317300e-02   9.8790487e-02   9.6961626e-02
   2.9900000e+02   2.3424773e-01   1.2927380e-01   1.2503336e-01   1.2471473e-01
   3.0100000e+02   2.6236512e-01   1.4624711e-01   1.4025373e-01   1.4567530e-01
   3.0300000e+02   2.0983694e-01   1.1115721e-01   1.0688177e-01   1.2120270e-01
   3.0500000e+02   2.2354351e-01   1.4103840e-01   1.4155578e-01   1.4931590e-01
   3.0700000e+02   2.2809954e-01   1.3903580e-01   1.3543391e-01   1.3398839e-01
   3.0900000e+02   1.9379123e-01   7.9545923e-02   8.4264473e-02   9.1278656e-02
   3.1100000e+02   1.8722147e-01   1.4623433e-01   1.4479385e-01   1.4539997e-01
   3.1300000e+02   1.4660768e-01   1.3917520e-01   1.4227255e-01   1.4070180e-01
   3.1500000e+02   1.5524971e-01   1.1941441e-01   1.2221313e-01   1.2198094e-01
   3.1700000e+02   1.3806132e-01   1.0685833e-01   1.0910796e-01   1.1049782e-01
   3.1900000e+02   1.7067362e-01   1.0705205e-01   1.0953178e-01   1.1037634e-01
   3.2100000e+02   1.6098124e-01   1.5010610e-01   1.5169184e-01   1.4806928e-01
   3.2300000e+02   1.3706168e-01   1.0094031e-01   1.0203662e-01   1.0268855e-01
   3.2500000e+02   1.3581902e-01   1.1246508e-01   1.1339023e-01   1.1914937e-01
   3.2700000e+02   1.5680058e-01   1.2622194e-01   1.2550873e-01   1.3606960e-01
   3.2900000e+02   1.2339912e-01   1.3454362e-01   1.3306827e-01   1.3318606e-01
   3.3100000e+02   7.6909296e-02   1.0387102e-01   1.0369764e-01   1.0508228e-01
   3.3300000e+02   1.2996370e-01   1.3203222e-01   1.3257299e-01   1.3586609e-01
   3.3500000e+02   7.7583323e-02   6.5587090e-02   6.5726898e-02   7.0739941e-02
   3.3700000e+02   8.5940458e-02   6.9263311e-02   6.8459586e-02   7.3983197e-02
   3.3900000e+02   1.4230920e-01   1.4244050e-01   1.4035762e-01   1.3382228e-01
   3.4100000e+02   1.5191418e-01   1.2629839e-01   1.2521487e-01   1.1899719e-01
   3.4300000e+02   1.3825153e-01   1.1901529e-01   1.1495075e-01   1.1555940e-01
   3.4500000e+02   1.3907061e-01   1.1795488e-01   1.1291675e-01   1.0948807e-01
   3.4700000e+02   1.5690113e-01   1.1689320e-01   1.1791534e-01   1.1063918e-01
   3.4900000e+02   1.8308674e-01   9.5989017e-02   9.9156776e-02   1.0150480e-01
   3.5100000e+02   1.8336493e-01   1.4050451e-01   1.4151280e-01   1.4448495e-01
   3.5300000e+02   1.9102521e-01   1.2220883e-01   1.2132348e-01   1.2263180e-01
   3.5500000e+02   2.0161736e-01   9.3485718e-02   8.3787957e-02   9.0392422e-02
   3.5700000e+02   2.2029341e-01   8.2222968e-02   8.1787816e-02   9.1602920e-02
   3.5900000e+02   1.9252324e-01   1.2334687e-01   1.1802669e-01   1.1968435e-01
   3.6100000e+02   2.0602758e-01   1.1085248e-01   1.0454566e-01   1.1220088e-01
   3.6300000e+02   2.4216876e-01   1.3609618e-01   1.3312453e-01   1.3716215e-01
   3.6500000e+02   2.2225229e-01   1.3161899e-01   1.2297621e-01   1.3231068e-01
   3.6700000e+02   1.8613734e-01   1.8454968e-01   1.8346449e-01   1.8844502e-01
   3.6900000e+02   1.9658103e-01   1.0412668e-01   9.8490196e-02   1.1216718e-01
   3.7100000e+02   2.0774947e-01   1.1516478e-01   1.1087858e-01   1.2303250e-01
   3.7300000e+02   2.1593501e-01   1.2860259e-01   1.2763684e-01   1.3328016e-01
   3.7500000e+02   2.2997740e-01   1.1158959e-01   1.0732933e-01   1.1254704e-01
   3.7700000e+02   2.2567971e-01   1.1370877e-01   1.1258528e-01   1.2128178e-01
   3.7900000e+02   2.2422564e-01   9.0677708e-02   7.9827124e-02   9.9797035e-02
   3.8100000e+02   2.5942756e-01   1.3676609e-01   1.2840370e-01   1.3464244e-01
   3.8300000e+02   2.3909557e-01   1.5488003e-01   1.5330625e-01   1.5469444e-01
   3.8500000e+02   2.5308236e-01   1.3691697e-01   1.3421766e-01   1.3606950e-01
   3.8700000e+02   2.8432725e-01   1.4017910e-01   1.3736944e-01   1.4519956e-01
   3.8900000e+02   2.5584684e-01   1.0067992e-01   1.0280146e-01   1.0373502e-01
   3.9100000e+02   2.5872477e-01   1.0109122e-01   1.0343637e-01   1.0041588e-01
   3.9300000e+02   2.1090430e-01   1.4189218e-01   1.4240648e-01   1.4082695e-01
   3.9500000e+02   2.2484071e-01   1.0547652e-01   1.0777048e-01   9.9912390e-02
   3.9700000e+02   2.1441389e-01   1.1244549e-01   1.1489279e-01   1.1026936e-01
   3.9900000e+02   1.9005162e-01   1.3175610e-01   1.2915064e-01   1.2518126e-01
